!cylinder dimension RxH [m]
0.025	0.15
 
!initial temperature T0 [C]
850
 
!number of timeSteps
59
 
! times [s]
0	5	10	12	14	15	16	17	18	19	20	21	22	23	24	25	26	27	28	29	30	31	32	33	34	35	36	37	38	39	40	42	44	46	48	50	60	70	80	90	100	110	120	130	140	150	160	170	180	190	200	250	300	350	400	450	500	550	600	646
 
!z coordinates of thermocouples
0.0045	0.075	0.075	0.1455
 
!ta [C] - ambient temperature
40
 
!htc1, htc2, htc3 [W/(m^2K)]
0	37	85	80	93	842	2298	2290	2020	1783	1692	1519	1661	1384	1358	1268	1215	1244	1052	1137	1107	1038	1030	975	940	1093	940	1110	839	1053	979	1013	984	913	925	876	837	847	804	737	723	701	680	640	606	625	580	549	518	502	501	563	479	484	521	607	333	970	333	333
0	0	62	96	57	57	52	664	2515	3741	3509	3336	3203	2760	2552	2373	2224	2106	1950	1883	1813	1745	1679	1599	1520	1525	1458	1400	1359	1323	1299	1271	1251	1148	1096	1141	1081	1074	996	974	934	893	791	783	725	716	666	634	667	611	616	582	556	518	506	536	571	571	680	233
0	12	12	18	78	67	67	73	73	73	816	2600	2318	1915	1678	1504	1385	1298	1222	1165	1130	1061	1032	1067	871	949	927	880	841	821	745	779	716	746	690	652	613	602	565	529	512	470	462	439	426	408	404	388	348	343	333	330	314	300	217	207	350	207	207	207
