!cylinder dimension RxH [m]
0.0375	0.225
 
!initial temperature T0 [C]
850
 
!number of timeSteps
50
 
! times [s]
0	5	10	12	14	15	16	17	18	19	20	21	22	23	24	25	26	27	28	29	30	31	32	33	34	35	36	37	38	39	40	42	44	46	48	50	60	70	80	90	100	110	120	130	140	150	160	170	180	190	200
 
!z coordinates of thermocouples
0.0045	0.1125	0.1125	0.2205
 
!ta [C] - ambient temperature
40
 
!htc1, htc2, htc3 [W/(m^2K)]
0	81	85	92	95	127	478	1160	2727	4437	5814	5678	5129	4697	4367	4144	4039	4290	4234	4193	4258	4394	4065	4084	4354	4678	4018	4016	4148	4148	3899	3814	3784	3952	3703	3976	3686	3443	3508	3295	3402	3522	3352	3167	2976	2976	3999	2869	4458	2869	5616
0	0	10	82	89	57	116	60	61	64	681	1232	1483	1471	1567	1865	2809	6499	13996	14549	13885	12799	11949	11181	10531	9972	9549	9136	8783	8464	8167	7703	7244	6735	6331	6060	5170	4409	3951	3843	3551	3685	3436	3447	3830	3773	3785	3856	4118	3948	3972
0	47	21	19	19	19	33	56	72	81	83	88	90	91	167	472	968	1415	2510	3652	3844	4583	4343	4425	4464	4418	4330	4201	4041	3877	4121	3655	3486	3228	3121	2906	2676	2211	2072	1875	1987	1747	1552	1748	1682	1662	1705	1719	1757	1849	1924
