!cylinder dimension RxH [m]
0.025	0.15
 
!initial temperature T0 [C]
850
 
!number of timeSteps
48
 
! times [s]
0	5	10	12	14	15	16	17	18	19	20	21	22	23	24	25	26	27	28	29	30	31	32	33	34	35	36	37	38	39	40	42	44	46	48	50	60	70	80	90	100	110	120	130	140	150	160	170	180
 
!z coordinates of thermocouples
0.0045	0.075	0.075	0.1455
 
!ta [C] - ambient temperature
40
 
!htc1, htc2, htc3 [W/(m^2K)]
0	34	65	102	81	82	328	1065	2379	4738	5498	5130	4764	4728	4267	4477	4381	4321	4515	4427	4027	4051	4264	3759	4046	4093	4018	4766	3492	4540	2886	3872	3872	3872	3773	3675	4051	3777	3507	3528	3425	3526	3612	3712	2136	2136	4917	2136	2136
0	0	43	85	93	56	123	58	87	762	810	1008	1227	1457	1779	2642	9940	14424	13404	12070	11003	10160	9488	8966	8573	8162	7757	7410	6983	6821	6455	6199	5902	5386	5055	5069	4922	4723	5128	4588	4891	4939	4883	5400	4912	5686	5657	3527	7993
0	9	9	9	26	77	52	63	68	70	72	77	252	445	1047	2390	2664	3456	3715	3588	3723	4144	3682	3423	3235	3059	2918	2833	2692	2594	2512	2451	2330	2108	2176	2133	2005	1944	2074	2030	1912	1929	1884	1960	2013	2076	1288	2503	2609
