!cylinder dimension RxH [m]
0.025	0.15
 
!initial temperature T0 [C]
850
 
!number of timeSteps
47
 
! times [s]
0	5	10	12	14	15	16	17	18	19	20	21	22	23	24	25	26	27	28	29	30	31	32	33	34	35	36	37	38	39	40	42	44	46	48	50	60	70	80	90	100	110	120	130	140	150	160	167
 
!z coordinates of thermocouples
0.0045	0.075	0.075	0.1455
 
!ta [C] - ambient temperature
40
 
!htc1, htc2, htc3 [W/(m^2K)]
0	33	70	106	83	112	458	1188	2557	4116	4713	4432	4122	3801	3984	4164	4016	3676	3601	3773	3731	3465	3774	3417	3290	3775	3775	3775	3775	3775	3775	3547	3351	3285	3657	3418	3719	3687	3885	3768	3592	3784	3914	4162	4307	2221	6112	7795
0	0	51	86	97	58	119	59	249	340	356	366	378	422	337	462	397	329	285	382	338	285	401	301	532	2871	4276	8597	10063	9586	9581	9638	9041	8282	7667	7134	6137	5099	5235	4552	4665	4530	4481	4592	4923	4974	5483	5919
0	13	13	13	29	97	61	66	70	71	76	205	245	393	330	353	371	384	416	680	652	673	776	731	731	876	1313	1923	2517	3417	3808	2917	2554	2538	2506	2400	2357	1902	1863	1798	1700	1790	1631	1781	1721	1751	1752	1165
