!cylinder dimension RxH [m]
0.0125	0.1
 
!initial temperature T0 [C]
850
 
!number of timeSteps
47
 
! times [s]
0	5	10	12	14	15	16	17	18	19	20	21	22	23	24	25	26	27	28	29	30	31	32	33	34	35	36	37	38	39	40	42	44	46	48	50	60	70	80	90	100	140	180	220	260	300	340	372
 
!z coordinates of thermocouples
0.0045	0.05	0.05	0.0955
 
!ta [C] - ambient temperature
40
 
!htc1, htc2, htc3 [W/(m^2K)]
0	9	60	61	103	67	113	209	1157	2134	2494	2501	2683	2407	2512	2613	2279	2121	2190	2071	2024	1951	1850	1695	1670	1631	1497	1462	1407	1298	1217	1172	1098	1008	985	945	892	705	636	548	545	526	537	578	303	303	303	303
0	0	37	81	98	54	132	98	54	412	1309	1831	3358	4251	4470	4251	4034	3765	3341	3254	3120	3054	2954	2527	2803	2333	2222	2168	2157	2027	2037	1938	1571	1565	1462	1376	1262	871	766	609	601	581	542	582	241	841	241	241
0	0	9	52	45	85	56	63	63	63	140	551	596	683	1141	2372	2889	2710	2350	2140	2018	1868	1801	1717	1664	1503	1421	1401	1422	1330	1220	1215	1090	1060	957	903	766	582	494	407	378	351	238	238	441	238	238	238
