t,TM1,TN1,TM2,TN2,TM3,TN3,TM4,TN4,R1,R2,R3,R4,RE1,RE2,RE3,RE4
0,849.138443,850.0000000000003,851.122546,849.9999999998846,851.145542,849.9999999999989,849.537487,849.9999999999071,0.861557000000289,1.1225460001154488,1.1455420000011145,0.4625129999070623,0.001014624890796858,0.0013189005571419192,0.0013458826293201857,0.0005444291829196965
5,846.518481,847.9199699838033,850.060945,849.9147364333483,850.962495,849.9515581621484,849.239349,849.999986623796,1.4014889838033469,0.14620856665169413,1.0109368378515455,0.7606376237960149,0.0016555917150772128,0.00017199774617535703,0.0011879922367807121,0.0008956693124166752
10,834.553261,834.4971944962242,843.689653,843.6816483789237,849.516568,847.4826209874973,846.277523,847.7354128228029,0.056066503775809906,0.00800462107633848,2.033947012502722,1.4578898228029402,6.718145670969933E-05,9.487636890977114E-06,0.0023942405470574906,0.001722708902435236
12,827.540602,829.5189745262163,838.154863,838.1937773958214,847.704636,845.675098014646,842.451623,842.462379902665,1.9783725262162761,0.038914395821393555,2.029537985354068,0.010756902664979862,0.002390665208975784,4.6428646470065946E-05,0.0023941569966287974,1.276857017222443E-05
14,820.592496,820.6191454243658,832.13513,832.1628595051142,844.602229,842.8347798967303,837.149945,838.3585799404714,0.02664942436581441,0.027729505114166386,1.767449103269655,1.20863494047137,3.247583239636938E-05,3.332331987253848E-05,0.002092640822606277,0.0014437496504540416
15,817.0546,818.1321060918731,829.334943,831.139591698128,842.810555,841.22586333225,834.321693,834.3028587770885,1.0775060918730333,1.8046486981280623,1.5846916677500076,0.018834222911436882,0.0013187687724578422,0.0021760191263616663,0.0018802465848923873,2.2574293668086228E-05
16,813.505503,813.518047951728,826.836569,826.8741640824068,840.55191,839.4354123435347,831.165748,831.8255870313953,0.012544951728045817,0.03759508240671039,1.1164976564652989,0.659839031395336,1.542085662823822E-05,4.546857724517309E-05,0.0013282911420251235,0.0007938717794652625
17,803.959759,803.9854743845153,824.072097,824.0889955420832,838.24473,837.4425994716247,827.69862,829.1966149102188,0.02571538451536526,0.016898542083254142,0.8021305283753009,1.4979949102188357,3.198591002533655E-05,2.0506145208377494E-05,0.0009569168760241426,0.0018098313492643443
18,751.529061,752.0957035624244,822.525053,821.9851600792491,835.885428,835.2506883084817,824.684491,826.6073067735797,0.5666425624244766,0.5398929207508445,0.6347396915183481,1.922815773579714,0.0007539862286502806,0.0006563847736694344,0.0007593620731456848,0.00233157746333769
19,670.285766,671.1938463262269,804.459197,804.5806250304985,833.864777,832.3177131369976,822.572334,824.1520724176253,0.9080803262269228,0.12142803049846407,1.5470638630024496,1.5797384176253217,0.0013547659405718647,0.0001509436786244661,0.0018552934548552702,0.0019204857157587333
20,593.087192,593.9045622258698,757.561919,758.1393714613872,831.52532,826.8606730697966,818.089444,818.120194851603,0.8173702258698086,0.5774524613872245,4.664646930203389,0.030750851602988405,0.001378161991853988,0.0007622511730123337,0.005609747313771984,3.758861800322705E-05
21,530.292056,530.8554413603298,703.010343,704.2793586697277,826.168542,816.7555730399982,792.307573,792.4657238411714,0.5633853603297894,1.2690156697276507,9.412968960001763,0.15815084117139122,0.0010624058081869312,0.0018051166421141128,0.011393521396027402,0.00019960788784659415
22,475.004898,475.6586928974784,625.694419,625.7550570509839,815.601314,799.9596305434031,765.833111,765.9554034665592,0.653794897478349,0.06063805098381181,15.641683456596866,0.12229246655920178,0.0013763961176635044,9.69132041815636E-05,0.019178099873189837,0.00015968553044085055
23,434.112847,434.4886737783441,549.956623,550.0697011761102,798.343695,775.3963667298253,738.233369,738.4031150274526,0.3758267783441056,0.1130781761102071,22.947328270174694,0.16974602745256107,0.0008657352136462011,0.00020561289996539798,0.0287436706945806,0.0002299354575132475
24,396.652575,397.27933971765464,489.096797,489.2373037276071,774.828886,743.7587727431252,694.714121,695.1140365860357,0.6267647176546234,0.14050672760714633,31.070113256874833,0.39991558603571775,0.001580135254774593,0.00028727795493444283,0.04009932233847414,0.0005756548973843555
25,362.181072,362.9666109548745,443.409098,443.52300690811535,740.816536,707.1725822180026,615.984473,617.1596367797105,0.7855389548745393,0.11390890811537702,33.643953781997425,1.1751637797104877,0.002168912225414528,0.0002568934842094219,0.045414690611060314,0.001907781496483415
26,336.659274,337.1990910563527,407.543992,407.6490264774182,698.245963,668.1565289816955,537.639967,538.571466073389,0.5398170563527174,0.10503447741820082,30.089434018304473,0.9314990733890909,0.0016034522083378502,0.0002577254958483128,0.04309288647946608,0.0017325703641170914
27,315.400907,315.9674043059651,378.912317,379.0086528109451,653.738726,628.8422339732189,477.325737,477.73491863789167,0.566497305965072,0.09633581094510646,24.896492026781175,0.4091816378916633,0.001796118189238663,0.00025424301777212077,0.03808324493657298,0.000857237743900793
28,294.609943,295.2844628682904,357.050482,357.1286900879925,610.177742,590.7530985342977,433.70828,433.82256328624857,0.6745198682904174,0.07820808799249335,19.424643465702275,0.11428328624856476,0.0022895353137840887,0.00021903930098179605,0.031834401894165254,0.0002635026618550256
29,276.759461,277.3939118816201,336.842325,336.9192652713846,569.119354,554.7753829594691,399.614637,399.75427664731643,0.6344508816201255,0.07694027138455795,14.34397104053096,0.13963964731641454,0.002292427074860236,0.00022841628166697265,0.025203801170555446,0.00034943576733005035
30,260.562419,261.2036558821227,318.561899,318.6325804933391,531.474555,521.2796942714946,371.284369,371.45902346985315,0.6412368821227119,0.07068149333912288,10.194860728505432,0.17465446985312383,0.0024609722483529446,0.00022187679556469144,0.01918221791164665,0.0004704062019188419
31,246.131267,246.7560979127226,301.46559,301.5331391920637,497.224547,490.30729835468526,347.819945,348.0101880823369,0.6248309127225866,0.06754919206366594,6.917248645314714,0.1902430823369059,0.002538608443934864,0.00022406932765913992,0.013911719940316453,0.0005469585199805201
32,233.522047,234.11160553992804,285.868806,285.9302944641875,466.084165,461.73695257961754,327.03647,327.27350509171225,0.5895585399280492,0.06148846418750509,4.347212420382448,0.23703509171224368,0.002524637598470731,0.00021509329768392107,0.00932709743610888,0.0007247971203708372
33,223.019193,223.5154421258868,272.419432,274.54669464996095,438.254418,435.4569981110748,308.725291,308.9949911260148,0.4962491258868056,2.127262649960983,2.7974198889251625,0.26970012601475446,0.0022251408912900405,0.007808777201917751,0.006383095695170294,0.0008735925882235364
34,213.006355,213.5442689374602,260.472599,260.53500498318175,413.235952,411.30252450258683,292.118953,292.39762281382406,0.5379139374601891,0.062405983181747615,1.933427497413163,0.27866981382408085,0.002525342201457741,0.0002395875167727244,0.004678749484539436,0.0009539600596339289
35,203.649794,204.14619479092036,249.02436,250.7964759171939,390.253338,389.1073749365113,278.435442,278.6931109092959,0.4964007909203474,1.7721159171939007,1.1459630634886935,0.25766890929588726,0.002437521694327603,0.0071162352036318885,0.0029364593506403104,0.0009254170641677407
36,195.756055,196.1839205247091,239.976605,241.78472375406616,369.181082,368.746405716413,266.289689,266.5523380339512,0.427865524709091,1.8081187540661574,0.4346762835870095,0.26264903395116335,0.002185707740734206,0.007534562604826238,0.001177406711178688,0.000986328216227566
37,188.277969,188.69726083415256,231.168397,232.86038319107095,349.859682,350.0915939182387,254.688021,254.97207583042865,0.41929183415254556,1.6919861910709528,0.23191191823866575,0.28405483042865853,0.0022269829889260467,0.007319279854118436,0.00066287123144034,0.001115305028141306
38,181.40105,181.79476849722025,222.271708,223.8742923353826,332.167354,332.9780541797837,243.156981,243.46323720738948,0.39371849722024876,1.602584335382602,0.810700179783737,0.306256207389481,0.002170431192213324,0.007210023937831089,0.002440637738842141,0.0012594999581339637
39,175.519919,175.8683332036445,214.519994,215.93180647184252,315.919963,317.23483671533336,233.089678,233.35829724766526,0.34841420364452347,1.4118124718425236,1.3148737153333627,0.2686192476652707,0.0019850408183274258,0.006581262872133604,0.0041620469401402235,0.0011524287560484368
40,170.319257,170.6380128517381,206.536512,207.93225709505825,300.991891,302.70327979985575,224.553388,224.78661096090582,0.3187558517381035,1.3957450950582597,1.7113887998557402,0.23322296090580608,0.0018715197409421738,0.006757861268898837,0.005685830253333105,0.0010386080699250286
42,160.090971,160.89323131234406,193.770842,193.83601829869252,274.539855,277.44291270694,208.055583,208.680497149667,0.8022603123440604,0.06517629869253483,2.9030577069399897,0.6249141496669779,0.005011277696254715,0.0003363576171720141,0.010574266919970472,0.0030035923124782375
44,151.46152,152.17787347538956,182.639375,184.28982652904844,251.968097,255.68168430235337,194.983866,195.5421296757727,0.7163534753895533,1.6504515290484392,3.7135873023533748,0.5582636757727073,0.004729607067125388,0.009036668730652626,0.014738323409067835,0.0028631275357557393
46,144.134794,144.74542726047642,172.545404,174.23224625857938,232.64063,236.901618974905,182.877306,183.40369695431895,0.6106332604764191,1.6868422585793894,4.260988974905018,0.5263909543189413,0.00423654305480479,0.00977622248680347,0.01831575582865735,0.002878383140218291
48,137.09645,137.6460374508683,163.828298,165.26924075009575,215.949719,220.57415777618397,172.934435,173.37733190120832,0.5495874508683016,1.4409427500957577,4.624438776183979,0.4428969012083144,0.004008765003530737,0.008795444789982239,0.021414423679726943,0.00256106831012756
50,130.668608,131.14578430931581,155.991807,157.2100782133083,201.445384,206.26783159249177,164.057201,164.45455901260223,0.47717630931580857,1.2182712133082987,4.822447592491784,0.3973580126022398,0.003651805254677608,0.00780984102138325,0.02393923105476462,0.002422069925490438
60,107.198748,107.2547247031446,127.604114,127.55163290640324,151.986002,160.2401396907223,133.099586,134.5914897083793,0.055976703144608564,0.05248109359675368,8.254137690722274,1.4919037083793114,0.0005221768368470923,0.0004112805767120775,0.05430853882663664,0.011208928240988755
70,91.569826,92.69984670669993,109.954667,111.23446477950431,125.327296,131.55888572589777,114.948217,116.06829931984825,1.1300207066999235,1.2797977795043067,6.231589725897763,1.120082319848251,0.012340535698953096,0.011639322044459529,0.049722525936391086,0.009744233961003945
80,80.830863,81.78457349518885,97.232681,98.08456698155587,108.27818,112.20081565601518,101.660442,102.40107321371961,0.953710495188858,0.851885981555867,3.9226356560151743,0.7406312137196096,0.011798840935161833,0.008761313303249007,0.036227388159047136,0.007285343238224457
90,73.412637,74.11565555089363,88.687738,89.03148634378785,96.225652,98.80937680360414,92.198748,92.66673802165542,0.7030185508936313,0.34374834378785124,2.5837248036041416,0.46799002165542447,0.009576260704184094,0.003875939916156744,0.026850686380427348,0.0050758826102001355
100,67.02865,67.58887838409366,80.541452,80.84558830133098,87.254375,88.52283866251022,84.222856,84.53201772761109,0.5602283840936622,0.3041363013309706,1.2684636625102286,0.30916172761109806,0.008358043673767294,0.003776146242446319,0.014537536513329317,0.0036707580613402385
140,53.24498,54.3341016454548,62.073361,62.572487919519986,65.443899,66.64953257091818,65.190728,65.73326148160838,1.089121645454803,0.49912691951998767,1.205633570918181,0.5425334816083875,0.02045491697911809,0.008040919832260858,0.01842239825775327,0.008322249164150884
180,46.684141,47.33111859872708,52.49526,52.75725419690793,54.401345,54.9462453083788,54.971141,56.75677029717538,0.6469775987270836,0.2619941969079278,0.5449003083788,1.785629297175376,0.013858616328124868,0.004990816254799534,0.0100163021406695,0.03248303136322704
220,43.174652,43.62010546669303,46.790011,46.96159387571583,48.163084,48.236306738911274,48.743284,50.44721479457859,0.44545346669303143,0.17158287571582775,0.07322273891127651,1.7039307945785893,0.01031747671511125,0.003667083466080565,0.001520308352996592,0.034957242408586775
260,41.376176,42.580677494713875,43.527812,45.02792993449485,44.409702,45.482925919933614,44.918376,45.18690691319855,1.204501494713874,1.5001179344948525,1.0732239199336107,0.2685309131985463,0.029110991182797412,0.034463435343243365,0.024166429217057358,0.005978197279406234
300,40.539345,41.651972682400405,41.689891,42.239947418790315,42.289374,42.77481937586738,42.703387,43.3196706886574,1.112627682400408,0.5500564187903123,0.48544537586737846,0.6162836886574041,0.02744562553737383,0.013193999926512455,0.011479133644006611,0.014431728533790636
340,40.246471,41.05378938502648,40.703032,41.708989406406104,41.118055,41.86753496527073,41.427749,42.110017008425935,0.8073183850264769,1.0059574064061039,0.74947996527073,0.682268008425936,0.020059358372724826,0.02471455704838165,0.018227515024013905,0.016468865069785378
372,40.249427,40.73920727746715,40.339935,41.292492146857825,40.673933,41.39705005335948,40.881241,41.46808248238363,0.4897802774671547,0.9525571468578278,0.7231170533594806,0.5868414823836261,0.012168627331443867,0.023613254380747708,0.017778390237292288,0.01435478640150934
