!2D model of Transient Nonlinear AxiSymmetric Heat Transfer.
!Node count
1213
!Node type
1
!Nodes:x,y,z=0
0,0
0,0.001119819
0.000446667,0.000509123
0,0.002622008
0,0.004630935
0,0.007317537
0.001537296,0.003756014
0.001142647,0.002056398
0.000825131,0.000916672
0.000961538,0
0.001574828,0.000898037
0.001923077,0
0.002107905,0.00160249
0.002488852,0.000812774
0.002884615,0
0.003061831,0.001653569
0.0024793,0.002761285
0.002860588,0.009381796
0.002279725,0.006148539
0.002389776,0.014189587
0,0.010910415
0,0.015715285
0,0.022140991
0,0.03004448
0.003125,0.024831615
0.003905533,0.036214829
0.00617406,0.032356796
0.00625,0.02752224
0.004995754,0.022664965
0.006061093,0.014100867
0.004498314,0.018102271
0.004677872,0.012281569
0.003821596,0.007370627
0.003322102,0.00431692
0.003380856,0.000722548
0.003771715,0.001477162
0.003846154,0
0.00414244,0.002545211
0.00450865,0.000995227
0.004807692,0
0.00546074,0.001990474
0.004901656,0.004172153
0.004717473,0.005909573
0.005433408,0.008145884
0.005554564,0.00318832
0.005581682,0.000905821
0.005769231,0
0.006570581,0.000836742
0.006357526,0.001614401
0.006619577,0.002693865
0.006648408,0.004539898
0.006730769,0
0.007337749,0.000641203
0.007692308,0
0.007430068,0.001611697
0.006630811,0.006673443
0.006402864,0.010857618
0.009012813,0.016756583
0.008167119,0.008682247
0.00825,0.006102604
0.008437463,0.004547816
0.008118469,0.003060294
0.008206088,0.000773254
0.008653846,0
0.008847877,0.001706591
0.009288059,0.000739659
0.009615385,0
0.010144956,0.000536645
0.009793547,0.00264146
0.009597531,0.003880984
0.009572904,0.005155302
0.010581672,0.00674604
0.010667676,0.00338303
0.010260202,0.001421462
0.010576923,0
0.010972027,0.000628254
0.011,0.0045
0.011277227,0.002401863
0.011499385,0.001298397
0.011538462,0
0.011796156,0.000583041
0.0125,0
0.012470906,0.000988555
0.01222067,0.001771778
0.011873179,0.003613248
0.011217918,0.009662302
0.012435243,0.011882659
0.01245179,0.015014122
0.009384962,0.012417586
0.009455217,0.021471398
0.012225503,0.019433251
0.0125,0.025
0.012329088,0.027802661
0.010286178,0.034237041
0.009404081,0.029822101
0.009161421,0.025604908
0.007359693,0.03615987
0.006661598,0.039620654
0.006284537,0.043587315
0.00825,0.04857023
0.008183015,0.05400412
0.008735477,0.051188933
0.009316352,0.045878614
0.009806143,0.038339527
0.009447577,0.042044709
0.012251193,0.040622321
0.012507012,0.044109329
0.012066401,0.04688003
0.011,0.05
0.0118177,0.048656364
0.0125,0.05
0.012489511,0.051728564
0.011046227,0.052019734
0.010441241,0.053840097
0.010250822,0.048157432
0.009625,0.049285115
0.009607905,0.056792468
0.009963077,0.060188113
0.012368034,0.062560122
0.012053522,0.065947559
0.012322225,0.068969433
0.012455261,0.071947345
0.0125,0.075
0.00967817,0.067890063
0.00996189,0.070472848
0.009438368,0.073460627
0.007952364,0.064348833
0.006511732,0.059270352
0.005911066,0.07010994
0.004337165,0.066167277
0.003485229,0.062591836
0.003249304,0.057944279
0.006242215,0.055766157
0.006077124,0.052576801
0.006158199,0.049812534
0.006125655,0.047030375
0.003284205,0.041218958
0.003888355,0.050928303
0.003872585,0.048580564
0.00324376,0.053773729
0.002871833,0.045730583
0,0.03783265
0,0.044280918
0,0.05
0,0.0554329
0,0.060895773
0,0.067618499
0,0.075977359
0,0.084518017
0,0.093069805
0.006097975,0.075457055
0.005295881,0.080034816
0.005875,0.089159902
0.004949749,0.099263679
0.004973434,0.109172347
0.004482625,0.105147511
0,0.101621592
0,0.11017338
0,0.118725167
0.00303237,0.129516667
0,0.126855451
0,0.13361973
0,0.138673862
0,0.142432206
0,0.145227005
0,0.147305302
0,0.148850767
0,0.15
0.00065533,0.149406569
0.00110595,0.146436104
0.000875754,0.148055834
0.000906953,0.148860432
0.000990978,0.15
0.001420449,0.149333958
0.001289427,0.147297193
0.002186386,0.143709997
0.00189539,0.145532972
0.001583376,0.148655149
0.001991353,0.15
0.002157271,0.147934182
0.002311825,0.146757595
0.002394704,0.149081599
0.002991728,0.15
0.003118274,0.148401947
0.002692763,0.140943793
0.002755051,0.135676419
0.004424085,0.13275449
0.00346288,0.138268111
0.003605229,0.145313864
0.003494214,0.149133912
0.003902337,0.14833593
0.003546176,0.147288517
0.003992103,0.15
0.004597128,0.148986275
0.004923719,0.142808853
0.004889501,0.14630898
0.004737334,0.147747678
0.004992479,0.15
0.005567151,0.148386325
0.00549428,0.149300081
0.005992854,0.15
0.00593982,0.147155282
0.005483609,0.14479013
0.006182138,0.13626011
0.00557297,0.13975885
0.004060161,0.12521239
0.006225627,0.121634151
0.00578342,0.113031714
0.007813047,0.117504871
0.008435109,0.125449958
0.006620423,0.129065227
0.006542278,0.145655174
0.006321791,0.149127806
0.006644604,0.148088578
0.006993229,0.15
0.007291515,0.149020346
0.007764107,0.14806822
0.007458919,0.146814606
0.007151173,0.143763632
0.007770699,0.141377972
0.008330648,0.145098413
0.007993604,0.15
0.008181293,0.148900089
0.008447109,0.147428317
0.008913391,0.146391096
0.008603343,0.148163352
0.008776104,0.149395754
0.00912722,0.148715707
0.00899398,0.15
0.008212958,0.138753793
0.008308565,0.132550247
0.010458094,0.136072802
0.010919205,0.140176281
0.009873741,0.142921756
0.010056175,0.145048889
0.009496988,0.147704428
0.009584425,0.149362975
0.009994355,0.15
0.01012891,0.148660822
0.010485949,0.149405547
0.01068213,0.147908452
0.01064374,0.146589791
0.010948089,0.144095666
0.011650401,0.145212107
0.01099473,0.15
0.011387764,0.148863197
0.011701985,0.147512511
0.012016078,0.146345499
0.011995105,0.15
0.012494381,0.149220269
0.012215778,0.143188258
0.011948736,0.132174423
0.012022421,0.125728096
0.010205244,0.128975486
0.010603513,0.122019841
0.010945,0.112779222
0.012340856,0.119217816
0.012099126,0.116320848
0.012215195,0.104569766
0.0125,0.1
0.011,0.0955
0.008420139,0.108085779
0.006917415,0.094296668
0.008552429,0.102568288
0.008783919,0.098325727
0.008837642,0.087388587
0.00682974,0.084683552
0.009158185,0.081755866
0.009674717,0.07782495
0.010895826,0.090460895
0.01175,0.08525
0.012226174,0.080993921
0.013006438,0.078072366
0.01390812,0.093480006
0.014435825,0.085358262
0.014718793,0.087890638
0.014525999,0.090876238
0.014770694,0.082996034
0.014799879,0.080068425
0.015406438,0.076620552
0.016215038,0.081503855
0.017009759,0.078235704
0.016946264,0.075076331
0.018073786,0.076344206
0.017884292,0.082819363
0.017428287,0.080170283
0.018180116,0.087710269
0.017962619,0.093276972
0.017022233,0.09044072
0.01651136,0.085397813
0.015920324,0.092542473
0.016193353,0.094657883
0.01580425,0.102747717
0.017321595,0.098468832
0.017892789,0.096069018
0.018620598,0.099771127
0.017312557,0.10054129
0.018235785,0.104098252
0.018719016,0.106218817
0.018113372,0.108456709
0.018629028,0.111751601
0.01735209,0.110547749
0.016861595,0.106876584
0.016860561,0.105181483
0.01573976,0.108646204
0.014816149,0.111330925
0.014682159,0.105966044
0.015576454,0.099721877
0.01491322,0.096842545
0.012667356,0.108462477
0.013631629,0.121242531
0.015015764,0.114717942
0.015286637,0.119439403
0.014380566,0.117383972
0.015605027,0.125654757
0.013616991,0.128905975
0.013662935,0.123363013
0.013921127,0.134734156
0.013628055,0.13787652
0.013207037,0.145410964
0.012877906,0.146997744
0.012618917,0.148197974
0.012995481,0.15
0.013448432,0.149009362
0.013765733,0.14785123
0.013995856,0.15
0.013959411,0.146664144
0.014374533,0.14093046
0.014681864,0.143690349
0.014820963,0.148785196
0.015052265,0.145761634
0.014894116,0.147299147
0.014996231,0.15
0.015622047,0.149431748
0.014969913,0.131837852
0.016178885,0.133949915
0.016603836,0.140343735
0.016343078,0.136493422
0.015733112,0.138855606
0.015868245,0.146836289
0.015996606,0.15
0.015943143,0.148798533
0.015902146,0.147891548
0.016400697,0.145990234
0.016481538,0.149356949
0.016915093,0.148468501
0.016996981,0.15
0.016986236,0.147128406
0.016434863,0.144475642
0.016832801,0.142385164
0.017456439,0.149363164
0.017885779,0.14869322
0.017792013,0.147915482
0.017667028,0.145741535
0.018359694,0.147045914
0.017997357,0.15
0.018438988,0.149275199
0.0186855,0.144307434
0.018117167,0.140998674
0.017918024,0.138965101
0.017279869,0.132193015
0.018219054,0.134471211
0.018123877,0.124032644
0.018345836,0.12635306
0.01682672,0.129077664
0.016264204,0.122172585
0.016706363,0.117168864
0.017179542,0.11281839
0.018300187,0.119452154
0.018347491,0.114936808
0.018905908,0.113038296
0.01890753,0.117082903
0.020341737,0.113685189
0.020446127,0.11582082
0.021508097,0.114413663
0.021759427,0.117060187
0.021691169,0.119404298
0.020501789,0.118194791
0.020493125,0.12023511
0.021154527,0.122130665
0.021506328,0.1255931
0.021842136,0.126794793
0.021544098,0.128258128
0.021459683,0.129934271
0.02030378,0.130661732
0.020205558,0.12904998
0.020157472,0.126819807
0.020308943,0.124283325
0.019127076,0.12204677
0.018954746,0.128278199
0.018818888,0.130351792
0.019662735,0.132429946
0.020230034,0.134779392
0.019922935,0.140575166
0.01987081,0.138616813
0.018832831,0.13674844
0.019209047,0.142378263
0.018813088,0.148238636
0.018997732,0.15
0.019441649,0.149134235
0.019235501,0.146004445
0.019664872,0.147242382
0.020085615,0.148269587
0.019998107,0.15
0.020316366,0.14902199
0.021025483,0.142161317
0.020534063,0.145229422
0.020490724,0.143693649
0.020463566,0.146404141
0.020832999,0.149416154
0.020998482,0.15
0.020942964,0.147387433
0.021493647,0.149453151
0.021331592,0.148590146
0.021560897,0.144640546
0.021870833,0.140693823
0.021375315,0.138393949
0.02103734,0.139534116
0.020674678,0.136982657
0.021372036,0.131542668
0.021416438,0.133009726
0.021553205,0.134451195
0.021892559,0.135706154
0.022664853,0.134304349
0.022414531,0.132039278
0.023043322,0.133033671
0.023419184,0.131793313
0.023139047,0.13543934
0.023238079,0.136661307
0.023201265,0.137906321
0.023206362,0.138989548
0.023094356,0.140022137
0.022409938,0.138411702
0.022126979,0.137381068
0.02213977,0.139387623
0.021929353,0.143444911
0.021940429,0.146157023
0.02201931,0.147567287
0.021998858,0.15
0.022305536,0.149259012
0.022652604,0.148344294
0.023019286,0.147240499
0.022999248,0.15
0.02335606,0.149165732
0.022795983,0.144623123
0.022991615,0.143377024
0.02268887,0.142162408
0.023177522,0.141017146
0.023756307,0.142715028
0.024021199,0.14171388
0.023858257,0.144851008
0.023707593,0.143903733
0.023530736,0.145977471
0.023879604,0.14824036
0.023999639,0.15
0.024089536,0.1471544
0.02442043,0.146320344
0.024251101,0.149120977
0.024532676,0.148590232
0.025,0.15
0.025,0.148999868
0.025,0.147999722
0.025,0.146999605
0.025,0.145999488
0.025,0.144999342
0.025,0.143999196
0.024382499,0.145426158
0.024403856,0.144430551
0.024413825,0.143422891
0.02444021,0.142569087
0.025,0.142999079
0.025,0.141998962
0.025,0.140998816
0.025,0.139998669
0.025,0.138998553
0.025,0.137998436
0.025,0.136998289
0.024282433,0.136588644
0.024069052,0.140540779
0.024101721,0.138484669
0.02407865,0.139505735
0.024124051,0.13750942
0.024050034,0.135776063
0.023841546,0.134745397
0.023767456,0.133744727
0.024148772,0.13265154
0.024324546,0.131463608
0.024486894,0.133530078
0.024419179,0.134203228
0.025,0.135998143
0.025,0.134998026
0.025,0.133997909
0.025,0.132997763
0.025,0.131997617
0.025,0.1309975
0.025,0.129997383
0.024450569,0.13051675
0.025,0.128997237
0.025,0.12799709
0.025,0.126996973
0.025,0.125996857
0.025,0.12499671
0.025,0.123996564
0.025,0.122996447
0.025,0.12199633
0.024589244,0.123502398
0.02432331,0.1224984
0.024286031,0.123155285
0.024408179,0.12528234
0.024443919,0.124582977
0.024184965,0.126565591
0.023864448,0.125852451
0.024070946,0.123861295
0.023746063,0.124813906
0.023980513,0.127403488
0.023922345,0.128526111
0.023953814,0.12980893
0.023834853,0.130842248
0.02285495,0.127779914
0.022744792,0.129170005
0.022748988,0.130729477
0.022278061,0.126047787
0.021919837,0.124485465
0.022078794,0.123179928
0.022565687,0.122140559
0.022984229,0.124066512
0.022720892,0.125304462
0.023102503,0.126534121
0.023446333,0.122921118
0.023048605,0.118915622
0.022875144,0.117817115
0.022907524,0.119889254
0.022344612,0.120904275
0.021974021,0.118278412
0.02200405,0.115445731
0.021929193,0.113191627
0.022806427,0.113923429
0.022803939,0.116782627
0.023246324,0.114978442
0.023221278,0.11581283
0.023147266,0.112768732
0.024029642,0.113418518
0.024041397,0.114451548
0.024077299,0.115442114
0.024008769,0.11640172
0.023492812,0.12052776
0.023804169,0.121566807
0.023960421,0.119694316
0.024003585,0.118977488
0.024012802,0.118296533
0.023950109,0.117381576
0.024251671,0.120555809
0.025,0.120996184
0.025,0.119996038
0.025,0.118995921
0.025,0.117995804
0.025,0.116995658
0.025,0.115995511
0.025,0.114995394
0.025,0.113995277
0.025,0.112995131
0.025,0.111994985
0.025,0.110994868
0.025,0.109994751
0.025,0.108994605
0.025,0.107994459
0.02425749,0.108230228
0.024339509,0.109547538
0.024335395,0.111360935
0.024182763,0.112376992
0.024184741,0.110281356
0.023502779,0.111721739
0.023798163,0.111046421
0.024060675,0.108961305
0.02423956,0.107260542
0.023574435,0.10654306
0.023581855,0.104242609
0.024229016,0.105145394
0.024435888,0.104384686
0.024366817,0.103570982
0.024249316,0.106241054
0.025,0.106994342
0.025,0.105994225
0.025,0.104994078
0.025,0.103993932
0.025,0.102993815
0.025,0.101993698
0.025,0.100993552
0.024419587,0.10269891
0.024248761,0.101308797
0.025,0.099993406
0.025,0.098993289
0.025,0.097993172
0.025,0.096993026
0.025,0.095992879
0.025,0.094992763
0.025,0.093992646
0.024199638,0.09847393
0.023919637,0.097457135
0.024122739,0.096473817
0.024047816,0.095472725
0.024056829,0.094402942
0.023542184,0.096778301
0.023587676,0.100875148
0.024041697,0.099334917
0.024190594,0.100389892
0.024148128,0.102116006
0.023481878,0.101705221
0.023582875,0.102820712
0.022765287,0.100959113
0.023044212,0.098598866
0.023253523,0.100025288
0.023212968,0.096166902
0.022844524,0.094861265
0.022845284,0.097151321
0.022558542,0.102151551
0.022675005,0.106226611
0.02250664,0.104862
0.022498865,0.103405722
0.023452885,0.105508764
0.023235176,0.107466077
0.022692119,0.108093859
0.023312586,0.10850749
0.023393789,0.109526666
0.023037511,0.110793578
0.022388334,0.111977742
0.022236996,0.109939733
0.022173532,0.108755339
0.021223213,0.112376003
0.021422716,0.111007652
0.021149277,0.109617492
0.02185695,0.107389883
0.021565908,0.104180212
0.021538203,0.105569736
0.020514061,0.106340217
0.020022864,0.112016619
0.020305686,0.108145815
0.019601465,0.110237237
0.020111645,0.104421021
0.020162297,0.099819074
0.019034107,0.101897216
0.019271468,0.098128913
0.019452002,0.094746327
0.020135269,0.096361654
0.020851537,0.101136664
0.021174187,0.102642582
0.021848169,0.101376232
0.021891668,0.099993793
0.021867379,0.096279075
0.021317082,0.098041992
0.021118071,0.094562475
0.021302835,0.093054462
0.021634279,0.089082664
0.02170318,0.087669563
0.021560868,0.085227833
0.020522972,0.086790617
0.020532202,0.090119261
0.021048451,0.091714731
0.020020742,0.09311902
0.019054316,0.089629102
0.019267144,0.091377438
0.019176984,0.085333046
0.020270831,0.088499578
0.019656556,0.080467033
0.018804846,0.0784517
0.019807039,0.077044822
0.020110428,0.075282872
0.020849263,0.078456542
0.020410201,0.082179778
0.020420481,0.083824761
0.021157379,0.081190947
0.021681906,0.08286759
0.021651503,0.081907332
0.021595723,0.079948094
0.021193386,0.076694079
0.021586026,0.075441246
0.022333229,0.077617407
0.022554059,0.078972658
0.022471107,0.076325091
0.023382572,0.077130684
0.023451319,0.078229388
0.023233302,0.080293042
0.022996603,0.084399267
0.022957533,0.083226768
0.022677941,0.082150002
0.022299627,0.081141729
0.021943289,0.083912086
0.022010215,0.086497515
0.022668101,0.088298412
0.021918189,0.090412051
0.022057697,0.092446509
0.022317621,0.09153703
0.022325524,0.093508012
0.022818585,0.089569973
0.023335957,0.093705049
0.023294063,0.092418315
0.023236594,0.090862415
0.02306006,0.087158336
0.023203995,0.085641225
0.024082554,0.084701591
0.024098253,0.086500389
0.024176775,0.087480875
0.023554117,0.088060265
0.023588114,0.088916369
0.024164177,0.093334214
0.024186139,0.091563819
0.02386425,0.089878284
0.02434598,0.089245216
0.024257396,0.090657775
0.024328806,0.092459932
0.025,0.092992499
0.025,0.091992353
0.025,0.090992236
0.025,0.089992119
0.025,0.088991973
0.025,0.087991827
0.025,0.08699171
0.024277498,0.088447754
0.024279842,0.085568667
0.025,0.085991593
0.025,0.084991447
0.025,0.0839913
0.025,0.082991183
0.025,0.081991067
0.025,0.08099092
0.025,0.079990774
0.024365636,0.08148462
0.024005836,0.082397608
0.024007088,0.083617953
0.023471242,0.081358986
0.024225655,0.080683051
0.024141568,0.079928544
0.024227466,0.077647967
0.023684222,0.079222866
0.023661883,0.0761116
0.02414844,0.07684966
0.02439276,0.075687492
0.024440627,0.076325912
0.024298055,0.078570452
0.024424769,0.079340659
0.025,0.078990657
0.025,0.07799054
0.025,0.076990394
0.025,0.075990248
0.025,0.074990131
0.025,0.073990014
0.025,0.072989868
0.02437165,0.07341483
0.02424488,0.072636568
0.025,0.071989721
0.025,0.070989604
0.025,0.069989487
0.025,0.068989341
0.025,0.067989195
0.025,0.066989078
0.025,0.065988961
0.024313128,0.066358184
0.024341419,0.069501438
0.024163618,0.068628319
0.024055994,0.067400338
0.023711159,0.066678316
0.023476393,0.066025074
0.023484323,0.069432124
0.023595194,0.072213673
0.024021201,0.070426644
0.024186198,0.071643347
0.024124811,0.074165162
0.02386129,0.075019568
0.02348856,0.07329254
0.023321817,0.074209159
0.023200452,0.071246354
0.022666394,0.07495357
0.022468032,0.073614957
0.022623073,0.072291058
0.022354031,0.069122708
0.022071134,0.067597939
0.02233304,0.066084623
0.023013608,0.066967744
0.022936018,0.070184154
0.023190444,0.068191529
0.023281138,0.064593543
0.023459732,0.062682683
0.022357996,0.063315774
0.022642047,0.061953315
0.022091931,0.059401125
0.022909874,0.057983042
0.023169408,0.060655136
0.023119942,0.056832903
0.023969184,0.057320593
0.023969184,0.056320461
0.023981931,0.058192168
0.024210687,0.060233684
0.023585693,0.059260484
0.023662533,0.061688253
0.023508135,0.063547044
0.024232675,0.065424295
0.024113053,0.063960824
0.024086806,0.061038279
0.024391403,0.061626034
0.024300192,0.062366524
0.024287485,0.06322519
0.024325373,0.064591229
0.025,0.064988815
0.025,0.063988669
0.025,0.062988552
0.025,0.061988435
0.025,0.060988288
0.025,0.059988142
0.025,0.058988025
0.024422003,0.059471288
0.024313541,0.0588859
0.024578077,0.058517535
0.025,0.057987908
0.025,0.056987762
0.025,0.055987616
0.025,0.054987499
0.025,0.053987382
0.025,0.052987236
0.025,0.051987089
0.024268549,0.052593248
0.024301482,0.054331654
0.023893136,0.055168424
0.024189314,0.053463625
0.024098194,0.051676341
0.024153111,0.05067369
0.024020277,0.049887003
0.023781838,0.049094654
0.024036121,0.047459955
0.024227975,0.048514084
0.024406018,0.049293861
0.025,0.050986973
0.025,0.049986856
0.025,0.048986709
0.025,0.047986563
0.025,0.046986446
0.025,0.045986329
0.025,0.044986183
0.024312631,0.04460546
0.024488285,0.043380453
0.025,0.043986037
0.025,0.04298592
0.025,0.041985803
0.025,0.040985657
0.025,0.03998551
0.025,0.038985393
0.025,0.037985277
0.024328402,0.038232419
0.024292031,0.039511892
0.023986509,0.041473167
0.024021871,0.04030904
0.024121902,0.038906499
0.023673979,0.038429652
0.023571351,0.037657183
0.02401834,0.042763762
0.023939485,0.043822408
0.024180485,0.045452799
0.024056655,0.046366213
0.023476279,0.044728825
0.023351102,0.045676961
0.022772397,0.046631604
0.022805044,0.043605231
0.023315096,0.039373136
0.022708114,0.038118108
0.022960233,0.040704337
0.022918609,0.042090401
0.021907617,0.042645272
0.022269694,0.045205362
0.02220107,0.050399798
0.023143199,0.048262648
0.023353476,0.050342652
0.023172353,0.051263555
0.023062385,0.049506409
0.023119427,0.052719983
0.023424958,0.05405134
0.022722618,0.054661082
0.022812937,0.055778807
0.022297246,0.053857451
0.022108842,0.051768865
0.021380826,0.053094248
0.021336529,0.054872349
0.021003159,0.049881323
0.020669197,0.051368278
0.021453627,0.047563436
0.02187312,0.049051446
0.021777854,0.041356725
0.021741671,0.039944704
0.021791237,0.038724766
0.021239933,0.037573901
0.02049025,0.040579544
0.020507277,0.042097226
0.021105282,0.043980588
0.02109519,0.045881205
0.019802263,0.045013344
0.020156738,0.038963957
0.019103086,0.043169398
0.019165205,0.046889533
0.020324653,0.048738843
0.019851454,0.049971795
0.019712484,0.053255897
0.019409052,0.055113462
0.018956942,0.061922376
0.01983583,0.063946407
0.020209614,0.065289853
0.019753834,0.057805474
0.020208939,0.056507791
0.020510445,0.060419858
0.020583759,0.058777782
0.020777899,0.057628647
0.021833516,0.056812889
0.021668492,0.058086686
0.021863007,0.060938943
0.021410891,0.064769591
0.02113671,0.063573274
0.020866968,0.06231959
0.02072191,0.066583663
0.020827354,0.068633544
0.021366118,0.072685887
0.021620079,0.070692937
0.021421753,0.074238521
0.020330584,0.07345958
0.019732888,0.071818714
0.019432436,0.069773888
0.019455976,0.067898621
0.018324613,0.073826715
0.017562574,0.071254976
0.017376422,0.068329373
0.018764083,0.06579546
0.018699953,0.059324905
0.018136944,0.056812552
0.017538721,0.063942047
0.016365932,0.058579715
0.016075286,0.061440088
0.016664261,0.065990092
0.015508938,0.073546836
0.015000144,0.070234327
0.014727546,0.067339961
0.013266047,0.058835588
0.014914534,0.06454362
0.01547341,0.05646591
0.014888383,0.049262341
0.014094518,0.050958318
0.014567362,0.052565875
0.014620744,0.054464267
0.01267753,0.055684719
0.012564907,0.053341074
0.013231821,0.048265725
0.014542955,0.046713665
0.014547741,0.042278236
0.015500873,0.044392902
0.015631442,0.039769608
0.016848185,0.042497018
0.016779651,0.046127475
0.016027335,0.051234809
0.017047486,0.053890605
0.016995685,0.049710245
0.016828644,0.047962734
0.018422969,0.051210693
0.018601354,0.049075522
0.017860576,0.044678541
0.018016569,0.038511253
0.018668145,0.040794141
0.018516788,0.034131797
0.01757117,0.031571588
0.018244562,0.028907141
0.018530185,0.023821567
0.017837036,0.019594471
0.017440588,0.021827825
0.01715481,0.027245281
0.017140011,0.02536761
0.016187827,0.023375201
0.016315557,0.036352977
0.016254943,0.033686132
0.015440927,0.029245801
0.015106579,0.03208584
0.013764622,0.03428846
0.012861037,0.037356365
0.012707234,0.031263189
0.013792756,0.022737817
0.014958106,0.025840864
0.015404507,0.020748274
0.015171172,0.017707107
0.015228537,0.012383973
0.01403738,0.00989055
0.013155015,0.007556883
0.012648246,0.005218898
0.01313017,0.003724302
0.012636959,0.00269514
0.013350962,0.000702545
0.013461538,0
0.013365017,0.001686083
0.013873062,0.000409113
0.014256673,0.000933907
0.014423077,0
0.014506518,0.001838539
0.014319443,0.004424868
0.014118542,0.00291758
0.014448712,0.006014403
0.015545983,0.002435362
0.01532588,0.003620259
0.0152462,0.001322463
0.015031885,0.000578764
0.015384615,0
0.01585201,0.000668175
0.016385273,0.003447892
0.016284186,0.001480654
0.016346154,0
0.016818697,0.00073191
0.016955468,0.002423979
0.016245107,0.005053765
0.015875715,0.007817785
0.016327305,0.010043131
0.016185138,0.01507515
0.017737012,0.011443081
0.017425889,0.01333912
0.017929362,0.017070739
0.018193139,0.005287921
0.017771762,0.006698364
0.017853321,0.003727505
0.017278832,0.001463497
0.017307692,0
0.017840088,0.000801051
0.018269231,0
0.018385213,0.001988965
0.018812445,0.000820004
0.019230769,0
0.019377891,0.001388666
0.019357776,0.003257218
0.019451294,0.004633053
0.018899279,0.008941645
0.019640945,0.006432054
0.019591243,0.002144919
0.019771481,0.000741343
0.020254241,0.001508317
0.020192308,0
0.020581093,0.002581428
0.02073356,0.003805953
0.020748914,0.00076946
0.021153846,0
0.021243075,0.001706268
0.021715958,0.000830323
0.021839662,0.0028413
0.02146242,0.006579627
0.02178721,0.007646088
0.021355686,0.008857476
0.021030437,0.00521839
0.020665956,0.007669892
0.020897588,0.012131761
0.020909415,0.014041583
0.021131814,0.010382345
0.021658318,0.015371605
0.021486693,0.016632849
0.021240541,0.018343628
0.020623333,0.015529701
0.019951268,0.016804648
0.019572168,0.011142829
0.019241549,0.012840716
0.018900271,0.01495347
0.019527411,0.018297502
0.019243457,0.021600225
0.020131021,0.019906838
0.020319756,0.024917063
0.018869127,0.026555135
0.019538436,0.032200592
0.019318474,0.036678023
0.019727577,0.030408367
0.020633185,0.028363353
0.021029896,0.029924914
0.020528525,0.033408551
0.020347903,0.034926846
0.020651913,0.036288593
0.021701343,0.035975604
0.021758771,0.034545528
0.021856878,0.033201102
0.021348123,0.031482656
0.021731221,0.026969898
0.021769469,0.025598932
0.021780971,0.024100937
0.02065443,0.026464242
0.021078528,0.021487826
0.020509598,0.023101183
0.021859152,0.020117378
0.022060934,0.022712817
0.022601286,0.021480836
0.022862958,0.019075376
0.023231498,0.020412751
0.023393552,0.022592673
0.022896317,0.023552351
0.023129755,0.024723274
0.023000547,0.026419108
0.022582595,0.028002369
0.022202972,0.029687956
0.022655,0.036950908
0.022885871,0.034000212
0.023095298,0.035559158
0.02277633,0.032499921
0.022893804,0.031144447
0.023242713,0.029111121
0.023512234,0.030143029
0.023699047,0.028334516
0.024175436,0.029361562
0.023707843,0.031965316
0.023780214,0.031062393
0.023613055,0.036824069
0.024063189,0.036078093
0.024210154,0.035371513
0.023941123,0.034608015
0.02396353,0.03320286
0.024318375,0.037389136
0.02439744,0.03665074
0.025,0.03698513
0.025,0.035984984
0.025,0.034984867
0.025,0.03398475
0.025,0.032984604
0.025,0.031984458
0.025,0.030984341
0.024433546,0.032377204
0.024380986,0.031484842
0.024337297,0.030512684
0.024436762,0.028461285
0.025,0.029984224
0.025,0.028984078
0.025,0.027983931
0.025,0.026983814
0.025,0.025983697
0.025,0.024983551
0.025,0.023983405
0.024304842,0.027640842
0.024156632,0.026666778
0.023548722,0.027412685
0.023920645,0.023684003
0.02408568,0.02556052
0.024227216,0.024586951
0.024222396,0.022973995
0.023716544,0.021504907
0.024235773,0.02067832
0.024050338,0.019595804
0.024436838,0.021501441
0.024335344,0.02223967
0.024462439,0.023370343
0.025,0.022983288
0.025,0.021983171
0.025,0.020983025
0.025,0.019982879
0.025,0.018982762
0.025,0.017982645
0.025,0.016982498
0.024247313,0.015333037
0.024319745,0.014359384
0.025,0.015982352
0.025,0.014982235
0.025,0.013982118
0.025,0.012981972
0.025,0.011981826
0.025,0.010981709
0.025,0.009981592
0.024292461,0.012765607
0.024440546,0.013539402
0.024185093,0.011776551
0.023920264,0.009737034
0.024024386,0.010781572
0.023587429,0.012522363
0.023590522,0.013607929
0.023640097,0.014711587
0.024240724,0.016368145
0.024085041,0.017396381
0.0239718,0.018442735
0.023478335,0.016717075
0.023444992,0.015642112
0.022807879,0.017537291
0.022515566,0.016120999
0.022597956,0.014615494
0.022446321,0.012849042
0.022084262,0.01153405
0.022637085,0.00939034
0.022818493,0.010599033
0.023190997,0.011677102
0.022843208,0.005568018
0.022725253,0.00696902
0.022726737,0.008154424
0.021994599,0.004303819
0.022115385,0
0.02231858,0.001706781
0.022714667,0.000799605
0.022858671,0.00244582
0.022907677,0.003363016
0.023088462,0.004345552
0.023076923,0
0.023524367,0.000643038
0.023536657,0.001617521
0.024038462,0
0.024009474,0.003549658
0.023654955,0.002691851
0.023595985,0.006441072
0.023932645,0.007425416
0.023869455,0.00861166
0.023994389,0.004729139
0.024127264,0.005709052
0.024331179,0.006507558
0.025,0.008981446
0.025,0.007981299
0.025,0.006981183
0.025,0.005981066
0.025,0.004980919
0.025,0.003980773
0.025,0.002980649
0.024265087,0.002870092
0.024352163,0.002305001
0.024430449,0.001546898
0.024255129,0.000798064
0.025,0.001980525
0.025,0.0009804
0.025,0

!Finite elements count
2195

!Finite element type
3

!Finite elements: nId1, nId2, nId3
1,0,2
4,3,6
3,1,7
3,7,6
7,1,8
8,1,2
9,8,2
0,9,2
9,10,8
10,7,8
9,11,10
7,10,12
10,11,13
12,10,13
11,14,13
15,12,13
7,16,6
15,16,12
16,7,12
18,4,6
5,4,18
17,5,18
20,5,17
20,17,19
21,20,19
23,22,24
23,26,25
26,23,27
27,23,24
28,27,24
22,28,24
22,21,30
30,21,19
22,30,28
29,30,19
17,31,19
31,29,19
17,18,32
16,33,6
33,18,6
14,34,13
34,15,13
15,34,35
14,36,34
16,15,37
33,16,37
37,15,35
34,38,35
36,38,34
38,37,35
36,39,38
40,37,38
41,33,37
18,42,32
41,42,33
42,18,33
43,17,32
42,43,32
40,44,37
44,41,37
40,38,45
38,39,45
39,46,45
46,47,45
40,45,48
45,47,48
44,40,49
49,40,48
50,41,44
41,50,42
50,44,49
46,51,47
47,51,52
51,53,52
54,47,52
54,49,48
47,54,48
43,42,55
42,50,55
29,31,56
31,17,56
17,43,56
30,29,57
43,58,56
58,43,55
59,58,55
50,59,55
59,50,60
61,50,49
50,61,60
54,61,49
53,62,52
62,54,52
53,63,62
64,54,62
64,61,54
64,62,65
62,63,65
63,66,65
65,66,67
61,64,68
61,68,69
61,69,60
69,70,60
70,59,60
71,59,70
58,59,71
69,68,72
73,64,65
68,64,73
73,65,67
66,74,67
74,75,67
75,73,67
76,71,70
76,69,72
69,76,70
77,68,73
68,77,72
78,73,75
77,73,78
74,79,75
78,75,80
75,79,80
79,81,80
81,82,80
82,78,80
77,78,83
83,78,82
84,76,72
77,84,72
85,58,71
29,88,57
88,29,56
87,88,86
58,88,56
88,87,57
88,85,86
85,88,58
30,89,28
89,30,57
87,90,57
90,89,57
26,27,94
93,26,94
94,27,95
28,89,95
27,28,95
89,91,95
94,95,92
95,91,92
25,26,96
26,93,96
97,25,96
97,96,103
96,93,103
102,98,104
97,103,104
98,97,104
104,103,105
106,102,104
106,104,105
102,106,107
110,108,109
108,110,111
101,108,112
112,108,111
113,101,112
101,113,100
99,102,114
102,107,114
108,114,109
114,107,109
99,114,115
114,108,115
108,101,115
101,99,115
113,116,100
120,123,119
120,124,123
124,120,121
122,125,121
125,124,121
118,126,117
126,118,119
123,126,119
126,127,117
117,127,116
125,128,124
124,128,123
128,126,123
126,128,129
130,126,129
127,126,130
127,130,131
127,131,132
127,132,116
116,132,100
132,133,100
133,101,100
99,101,134
101,133,134
135,102,99
102,135,98
135,99,134
25,97,136
136,97,98
133,137,134
137,138,134
138,135,134
133,139,137
139,133,132
131,139,132
140,135,138
136,98,140
98,135,140
141,25,136
141,23,25
142,141,136
142,136,140
143,142,140
139,143,137
137,143,138
143,140,138
144,143,139
144,139,131
145,144,131
130,145,131
146,145,130
146,130,129
128,146,129
147,146,128
147,128,150
150,128,125
148,147,151
151,147,150
149,148,152
155,156,153
156,149,153
157,156,155
157,155,154
161,160,159
167,166,168
165,164,169
166,165,170
166,170,171
166,171,168
172,167,168
172,168,173
168,171,173
165,169,174
165,174,170
164,163,175
164,175,176
169,164,176
171,177,173
170,177,171
178,172,173
177,170,179
170,174,179
180,169,176
169,180,174
174,180,179
181,178,173
181,177,179
177,181,173
182,178,181
183,181,179
163,184,175
163,162,184
162,161,185
161,186,185
186,161,159
184,162,187
162,185,187
175,188,176
188,180,176
182,181,189
181,183,189
183,190,189
180,191,179
180,188,191
191,183,179
183,191,190
192,182,189
190,193,189
193,192,189
184,194,175
175,194,188
188,195,191
193,190,196
191,195,196
190,191,196
197,192,193
198,193,196
197,193,199
193,198,199
200,197,199
195,201,196
201,198,196
202,195,188
194,202,188
186,203,185
185,203,187
194,184,204
204,184,187
203,204,187
160,158,205
160,205,159
158,206,205
158,157,207
207,157,154
158,207,208
206,158,208
206,209,205
210,186,159
209,210,205
205,210,159
195,211,201
211,195,202
198,212,199
212,200,199
212,198,213
198,201,213
214,200,212
214,212,215
212,213,215
213,216,215
211,217,201
217,216,213
201,217,213
194,218,202
218,211,202
194,204,219
194,219,218
217,211,220
211,218,220
221,214,215
221,215,222
215,216,222
216,217,223
217,220,224
217,224,223
216,225,222
216,223,225
221,222,226
225,227,222
222,227,226
228,221,226
203,229,204
204,229,219
186,210,230
203,186,230
203,231,229
231,203,230
231,232,229
229,232,219
219,232,233
218,219,233
218,233,220
220,234,224
233,234,220
235,227,225
224,235,223
223,235,225
236,228,226
227,236,226
237,228,236
235,238,227
227,238,236
236,238,239
237,236,239
238,235,240
234,241,224
241,235,224
235,241,240
234,233,242
234,242,243
241,234,243
244,237,239
245,238,240
238,245,239
245,244,239
241,246,240
246,245,240
246,241,247
241,243,247
248,244,245
248,245,249
232,250,233
233,250,242
242,250,243
251,231,230
253,209,252
251,230,253
210,209,253
230,210,253
254,206,208
209,254,252
209,206,254
207,255,208
254,208,256
255,257,208
208,257,256
154,155,261
255,207,261
207,154,261
149,152,262
153,149,262
155,263,261
259,258,263
263,258,261
155,153,263
263,153,264
260,259,264
259,263,264
153,262,264
262,260,264
152,266,265
148,151,266
152,148,266
266,151,267
125,122,268
150,125,268
151,150,268
267,151,268
269,152,265
269,260,262
152,269,262
270,266,267
270,269,265
266,270,265
271,267,268
271,270,267
271,268,272
268,122,272
260,269,273
269,270,275
275,270,274
269,275,276
273,269,276
270,271,277
270,277,274
278,271,272
277,271,278
122,279,272
279,278,272
277,278,280
278,279,281
279,283,281
283,279,282
284,277,280
278,285,280
285,278,281
285,284,280
288,275,286
275,288,276
277,284,289
277,289,274
275,289,286
289,275,274
288,287,290
273,276,290
276,288,290
273,290,291
290,287,291
259,292,258
287,294,291
295,296,293
298,299,302
303,292,297
303,298,302
298,303,297
301,304,299
299,304,302
305,304,301
306,292,303
258,292,306
304,306,302
306,303,302
292,259,307
296,307,293
292,307,296
259,308,307
259,260,308
294,308,291
308,273,291
308,260,273
308,294,293
307,308,293
258,309,261
305,309,304
309,305,255
309,255,261
309,258,306
304,309,306
254,256,310
257,255,311
255,305,311
256,312,310
312,256,313
256,257,313
257,311,313
315,251,253
315,253,252
315,252,314
254,316,252
316,254,310
252,316,314
231,251,317
232,231,318
318,231,317
250,319,243
243,319,247
246,247,320
247,319,320
249,245,321
245,246,321
246,320,321
322,248,249
323,322,249
323,249,321
320,324,321
324,323,321
325,322,323
324,320,326
320,319,326
232,318,327
232,327,250
250,327,328
319,250,328
323,324,329
325,323,329
319,330,326
319,328,330
329,324,331
324,326,331
326,330,331
332,325,329
332,329,333
251,334,317
251,315,334
334,335,317
318,317,337
317,335,337
318,337,338
327,318,338
327,338,336
330,339,331
340,332,333
329,341,333
342,329,331
339,342,331
329,342,341
330,343,339
341,344,333
344,340,333
342,345,341
341,345,344
346,340,344
342,347,345
347,342,339
343,347,339
330,348,343
328,348,330
349,348,328
327,349,328
349,327,336
346,344,350
344,345,350
345,351,350
345,347,352
345,352,351
348,353,343
353,347,343
347,354,352
347,353,354
355,346,350
356,355,350
351,356,350
348,357,353
348,349,357
349,336,358
337,359,338
336,359,358
338,359,336
335,334,360
335,360,361
337,335,361
363,314,362
360,334,364
334,315,364
315,314,364
314,363,364
312,365,310
365,316,310
316,365,314
314,365,362
366,312,313
311,366,313
311,305,367
305,301,367
367,301,300
365,312,368
312,366,368
369,311,367
311,369,366
369,367,370
370,367,300
368,366,371
366,369,371
369,370,372
373,369,372
369,373,371
373,372,374
373,377,371
377,368,371
377,373,375
368,377,378
378,377,376
384,385,383
383,385,382
385,386,382
386,381,382
381,386,380
387,363,362
363,387,386
386,387,380
388,378,379
388,365,368
365,388,362
388,368,378
388,387,362
387,388,379
363,389,364
389,363,386
385,389,386
390,360,364
385,390,389
389,390,364
390,385,384
360,390,391
391,390,384
360,391,361
391,392,361
358,359,393
359,394,393
392,395,361
395,359,337
395,337,361
359,395,394
396,358,393
396,349,358
349,396,357
351,397,356
354,397,352
352,397,351
398,355,356
399,398,356
397,399,356
353,357,400
353,400,354
401,397,354
400,401,354
397,402,399
397,401,402
403,398,399
403,399,404
399,402,404
405,396,393
357,406,400
396,405,407
406,357,407
357,396,407
401,400,408
400,406,408
403,404,409
410,403,409
411,401,408
401,411,402
412,410,409
402,411,413
404,413,409
402,413,404
413,412,409
406,407,414
405,393,415
394,417,393
417,394,416
393,417,415
394,395,418
394,418,416
395,392,418
419,391,384
419,384,383
391,419,420
392,391,420
392,420,421
418,392,422
422,392,421
420,423,421
423,422,421
420,419,424
423,420,425
425,420,424
426,425,424
422,423,427
428,422,427
432,429,430
418,433,416
433,429,432
429,433,428
433,418,422
428,433,422
416,433,432
431,415,434
415,417,434
417,416,434
434,416,432
431,434,430
434,432,430
405,435,407
407,435,414
406,436,408
436,411,408
436,406,414
411,436,437
413,411,437
438,410,412
413,439,412
439,438,412
413,440,439
440,413,437
441,440,437
436,441,437
442,438,439
440,443,439
443,442,439
444,436,414
435,444,414
444,435,445
405,446,435
446,405,415
435,446,445
415,431,447
446,415,447
446,448,445
446,449,448
449,446,447
448,451,445
444,451,450
451,444,445
441,436,452
452,444,450
436,444,452
440,453,443
440,441,453
454,442,443
441,452,455
453,441,455
455,452,456
443,453,457
454,443,457
457,453,458
459,454,457
460,459,457
460,457,458
461,453,455
461,460,458
453,461,458
462,461,455
462,455,456
463,462,456
452,450,466
464,463,466
452,466,456
466,463,456
466,450,467
465,464,467
464,466,467
450,451,467
467,451,468
451,448,468
465,467,468
448,449,469
448,469,468
470,465,468
469,470,468
471,470,469
449,471,469
472,471,449
431,478,447
478,449,447
473,472,478
472,449,478
429,479,430
475,474,479
474,480,479
479,480,430
478,431,480
480,431,430
474,473,480
473,478,480
476,481,477
476,475,481
429,428,481
481,428,477
429,481,479
481,475,479
428,427,482
428,482,477
423,483,427
427,483,482
484,423,425
423,484,483
484,425,485
425,426,485
485,426,486
484,485,487
484,487,488
483,484,488
489,476,477
482,489,477
490,489,482
483,490,482
490,483,488
487,491,488
491,490,488
492,491,487
485,492,487
493,485,486
493,492,485
494,493,486
495,494,496
494,486,496
503,502,505
504,503,506
506,503,507
507,503,505
501,500,508
509,501,508
502,501,509
500,499,510
500,510,511
500,511,508
512,502,509
502,512,505
512,507,505
513,512,509
511,513,508
513,509,508
499,498,514
499,514,510
498,497,515
498,515,514
497,495,516
515,497,516
516,495,496
426,517,486
486,517,496
517,516,496
381,518,382
515,518,514
518,519,382
519,518,515
519,515,516
519,383,382
520,519,516
419,520,424
426,520,517
519,520,383
520,419,383
520,516,517
520,426,424
381,380,521
380,387,522
387,523,522
523,387,379
523,379,524
523,525,522
513,525,512
380,526,521
526,380,522
526,525,513
525,526,522
526,513,511
514,527,510
527,526,511
381,527,518
518,527,514
526,527,521
527,381,521
510,527,511
525,528,512
523,528,525
528,523,524
512,528,507
528,506,507
376,529,531
378,532,379
379,532,524
532,376,531
532,378,376
529,533,530
533,375,530
533,529,376
377,533,376
533,377,375
373,534,375
534,373,374
372,535,374
534,374,536
374,535,536
534,537,375
375,537,530
538,534,536
534,538,539
537,534,539
535,540,536
540,541,536
536,541,542
538,536,542
539,538,543
543,538,542
544,537,539
544,539,543
545,532,531
546,504,506
528,546,506
532,545,546
532,546,524
546,528,524
545,531,547
531,529,547
529,548,547
548,529,549
529,530,549
537,550,530
537,544,550
530,550,549
545,547,551
546,545,551
552,504,546
552,546,551
547,553,551
553,552,551
554,553,547
548,554,547
554,548,549
550,555,549
555,554,549
556,555,550
544,556,550
557,556,544
557,544,543
558,557,543
558,543,542
559,558,542
541,559,542
560,559,541
565,564,566
564,563,567
562,561,568
561,569,568
561,560,569
560,541,569
541,540,569
563,562,570
570,562,568
563,570,567
540,571,569
569,571,568
571,572,568
572,570,568
566,564,573
573,564,567
574,565,566
577,576,578
576,579,578
574,575,580
581,574,580
581,565,574
582,581,580
582,580,577
583,577,578
583,582,577
584,583,578
579,584,578
585,584,579
585,579,588
586,585,588
587,586,589
592,591,597
593,592,598
598,592,597
594,593,599
593,598,599
595,594,600
600,594,599
596,595,601
601,595,600
598,602,599
591,590,604
591,604,597
604,590,605
589,603,605
590,587,605
587,589,605
589,586,606
606,586,588
607,589,606
603,589,607
608,607,606
576,608,579
579,608,588
608,606,588
609,603,607
604,610,597
610,598,597
611,604,605
610,604,611
603,611,605
611,603,609
612,600,599
602,612,599
612,613,600
613,601,600
614,612,602
610,614,598
598,614,602
608,615,607
615,609,607
608,618,615
618,608,576
618,576,617
575,619,580
619,575,616
619,576,577
576,619,617
617,619,616
580,619,577
575,574,620
616,575,620
620,574,566
622,566,573
622,621,620
622,620,566
623,573,567
623,622,573
570,623,567
624,623,570
624,570,572
571,624,572
540,625,571
625,624,571
540,535,625
624,626,623
627,622,623
622,627,621
626,627,623
535,372,628
535,628,625
628,629,625
624,629,626
629,624,625
629,630,626
630,627,626
627,631,621
621,631,620
631,616,620
632,618,617
631,633,616
633,632,617
633,617,616
633,631,634
370,635,372
635,629,628
635,370,300
372,635,628
636,298,634
627,636,631
298,636,299
631,636,634
636,627,630
637,301,299
637,629,635
629,637,630
636,637,299
301,637,300
637,635,300
637,636,630
298,638,634
638,633,634
633,638,632
638,298,297
292,640,297
640,295,639
640,638,297
295,640,296
640,292,296
295,293,641
295,641,639
293,294,641
294,287,642
641,294,643
294,642,643
640,639,644
618,645,615
638,640,645
645,640,644
638,645,632
645,618,632
645,646,615
646,645,644
615,646,609
647,646,644
647,610,611
639,647,644
646,647,609
647,611,609
612,648,613
648,612,614
641,649,639
649,648,614
610,649,614
649,610,647
639,649,647
649,641,643
648,649,643
642,650,643
650,648,643
648,650,613
650,642,658
658,657,651
642,287,658
650,658,651
288,286,659
287,660,658
287,288,660
660,657,658
660,659,656
660,288,659
657,660,656
661,654,655
289,284,661
289,661,286
286,661,655
662,653,652
659,662,656
286,662,659
662,286,655
662,655,653
656,662,652
284,285,663
285,664,663
664,285,281
283,664,281
664,283,665
283,666,665
663,664,667
664,665,667
284,663,668
669,284,668
654,661,669
661,284,669
668,663,670
669,668,671
668,672,671
672,668,670
663,673,670
673,663,667
665,666,674
665,674,667
674,666,675
674,676,667
673,667,677
667,676,677
676,674,678
678,674,675
676,678,679
676,680,677
680,676,679
681,673,677
683,671,684
671,672,684
672,685,684
673,681,685
672,670,685
670,673,685
686,683,682
654,686,682
671,683,686
654,669,686
669,671,686
655,654,687
655,687,653
653,688,652
689,657,656
689,656,652
651,657,690
690,657,691
657,689,691
651,690,692
650,651,692
650,692,613
688,693,652
693,689,652
613,694,601
692,694,613
695,694,692
690,695,692
695,690,691
696,689,693
689,696,691
696,695,691
687,697,653
697,688,653
687,698,697
654,698,687
698,654,682
698,682,699
697,698,700
701,697,700
688,697,702
697,701,702
693,688,703
703,688,702
694,695,704
601,694,704
596,601,704
695,696,705
693,703,706
696,693,706
706,703,707
696,706,708
705,696,708
704,695,709
695,705,709
710,704,709
710,596,704
711,710,709
705,711,709
712,705,708
712,711,705
713,712,708
706,713,708
713,706,707
714,713,707
716,715,701
716,701,700
707,703,717
715,714,717
714,707,717
701,715,717
703,702,717
702,701,717
698,699,718
700,698,718
719,716,700
719,700,718
720,719,718
699,720,718
721,720,699
724,723,726
727,683,684
723,722,727
723,727,726
722,721,728
721,699,728
728,683,727
722,728,727
682,683,728
699,682,728
729,727,684
681,729,685
685,729,684
727,729,726
725,724,730
729,681,730
729,730,726
730,724,726
725,730,731
730,681,731
680,679,732
681,677,733
677,680,733
681,733,731
678,734,679
679,734,735
732,679,735
735,734,737
734,736,737
733,680,738
680,732,738
733,738,739
731,733,739
725,731,739
738,740,739
740,725,739
741,740,738
732,741,738
742,741,732
742,732,735
742,735,737
736,743,737
743,742,737
744,743,736
746,745,747
748,746,747
749,746,748
755,754,756
752,751,757
753,752,758
758,752,757
754,753,759
759,753,758
754,759,756
759,760,756
760,761,756
762,758,757
764,762,757
751,750,764
751,764,757
750,749,765
764,750,765
749,748,765
748,763,765
745,766,747
745,744,766
767,744,736
744,767,766
734,767,736
748,768,763
768,748,747
766,768,747
769,768,766
767,769,766
770,764,765
763,770,765
767,771,769
734,771,767
771,734,678
771,678,675
772,768,769
771,772,769
770,763,773
773,768,772
763,768,773
761,777,776
777,775,776
777,761,760
759,777,760
778,762,764
770,778,764
774,762,778
762,779,758
779,777,759
762,774,779
779,759,758
777,779,775
779,774,775
780,761,776
781,782,783
788,785,787
789,788,787
785,788,790
786,784,792
784,785,792
786,792,791
792,785,790
781,783,793
783,786,793
780,782,794
782,781,794
761,795,756
761,780,795
795,755,756
780,794,796
786,791,797
793,786,797
798,793,797
781,793,799
793,798,799
800,781,799
781,800,794
794,800,796
795,780,801
801,780,796
802,795,801
802,755,795
803,802,801
803,801,796
800,803,796
804,803,800
804,800,799
805,804,799
798,805,799
806,805,798
806,798,797
791,806,797
807,806,791
808,807,809
807,791,809
791,792,809
792,790,810
809,792,810
808,809,810
810,790,811
808,810,811
788,812,790
790,812,811
812,808,811
813,812,788
789,813,788
814,813,789
818,817,819
816,815,820
815,821,820
815,814,821
814,789,821
817,816,822
817,822,819
822,816,820
823,818,819
825,826,829
826,828,829
830,818,823
830,823,824
831,830,824
831,825,829
831,824,825
832,831,829
828,832,829
833,832,828
827,833,828
834,833,827
839,836,837
840,839,838
845,844,846
844,843,847
842,841,848
843,849,847
849,842,848
843,842,849
844,847,850
846,844,850
851,846,850
852,846,851
841,840,853
841,853,848
853,840,838
839,854,838
854,839,837
854,853,838
836,855,837
836,835,855
834,827,856
835,834,856
835,856,855
857,854,837
855,857,837
856,858,855
858,857,855
856,859,858
827,859,856
860,853,854
857,860,854
849,861,847
861,851,850
847,861,850
862,852,851
861,862,851
863,861,849
863,849,848
860,864,853
853,864,848
864,863,848
864,860,865
860,857,866
859,866,858
866,857,858
868,859,827
868,827,828
826,868,828
824,869,825
867,869,870
870,869,824
823,870,824
871,826,825
869,871,825
871,868,826
869,867,871
872,870,823
872,823,819
822,872,819
821,873,820
873,872,822
873,822,820
873,821,874
789,875,821
821,875,874
875,789,787
872,873,876
876,873,874
872,877,870
877,867,870
872,878,877
878,872,876
879,878,876
875,879,874
879,876,874
867,881,880
878,881,877
881,867,877
868,882,859
882,868,883
867,880,883
883,868,871
867,883,871
864,884,863
884,864,865
885,861,863
884,885,863
862,861,886
861,885,886
887,862,886
888,885,884
889,888,884
889,884,865
890,889,865
860,890,865
890,860,866
891,890,866
882,891,859
859,891,866
890,891,892
893,885,888
885,893,886
893,887,886
889,890,894
894,890,892
882,895,891
891,895,892
880,896,883
895,882,896
896,882,883
881,897,880
897,896,880
878,898,881
898,878,879
899,898,879
904,899,879
905,906,784
903,904,907
906,903,907
879,875,908
904,879,908
907,904,908
785,908,787
908,875,787
785,784,909
784,906,909
906,907,909
907,908,909
908,785,909
910,784,786
910,905,784
910,786,783
911,780,776
911,782,780
901,911,902
911,901,912
782,911,912
901,900,913
913,782,912
905,910,913
900,905,913
913,910,783
782,913,783
901,913,912
914,911,776
911,914,902
775,914,776
774,915,775
915,914,775
916,773,772
774,917,915
770,917,778
916,917,773
917,770,773
917,774,778
918,916,772
918,771,675
666,918,675
771,918,772
919,916,918
666,919,918
916,920,917
920,916,919
920,921,917
917,921,915
921,922,915
922,914,915
923,920,919
666,923,919
923,666,283
923,283,282
923,924,920
924,921,920
921,925,922
925,921,924
926,901,902
926,914,922
914,926,902
925,926,922
927,906,905
900,927,905
906,927,903
904,928,899
928,904,903
927,928,903
926,929,901
929,900,901
928,927,930
927,931,930
931,927,900
931,900,929
929,926,932
926,925,932
279,122,933
933,122,121
923,933,924
279,933,282
933,923,282
934,933,121
120,934,121
933,934,924
934,925,924
934,120,935
120,119,935
934,935,925
925,935,932
118,117,936
936,117,116
931,118,936
931,936,930
118,931,937
937,929,932
119,937,935
118,937,119
935,937,932
937,931,929
936,938,930
938,928,930
110,939,940
111,110,940
941,111,940
943,938,936
943,936,116
113,943,116
938,943,942
944,941,942
941,944,111
943,113,944
944,113,112
943,944,942
944,112,111
939,110,945
107,945,109
945,110,109
107,946,945
946,939,945
106,946,107
106,105,947
946,106,948
948,106,947
105,949,947
949,950,947
950,948,947
946,948,951
952,941,940
939,952,940
953,941,952
953,938,942
941,953,942
938,953,928
928,953,899
953,898,899
952,939,954
954,939,955
955,946,951
939,946,955
895,955,951
953,956,898
956,953,952
956,952,954
956,897,881
898,956,881
957,895,896
957,954,955
956,957,897
897,957,896
957,956,954
895,957,955
950,958,948
895,958,892
958,950,894
948,958,951
958,894,892
958,895,951
949,960,950
960,949,959
960,959,893
950,960,894
960,889,894
889,960,888
960,893,888
964,969,966
969,964,968
949,970,959
961,970,971
962,961,971
972,967,963
962,972,963
973,972,962
973,962,971
974,973,971
970,974,971
975,970,949
975,93,974
93,975,103
970,975,974
103,975,105
975,949,105
976,972,973
976,94,92
976,93,94
93,976,974
976,973,974
972,976,92
91,89,977
89,90,977
967,978,968
972,978,967
91,978,92
978,972,92
969,978,977
978,91,977
978,969,968
90,979,977
979,969,977
979,965,966
969,979,966
90,87,980
90,980,979
980,965,979
87,86,981
85,982,86
86,982,981
85,71,983
982,85,983
983,71,984
71,76,984
984,76,84
984,84,985
84,77,986
84,986,985
986,77,83
82,81,987
81,988,987
989,83,82
989,986,83
989,82,987
987,988,990
991,989,987
991,987,990
988,992,990
992,991,990
993,989,991
994,984,985
989,995,986
995,989,993
995,994,985
986,995,985
996,984,994
996,983,984
997,995,993
995,997,998
995,998,994
999,993,991
999,997,993
999,991,1000
991,992,1000
992,1001,1000
1001,1002,1000
1002,999,1000
998,997,1003
997,999,1004
1004,999,1002
1001,1005,1002
1002,1005,1006
1004,1002,1006
1003,997,1007
997,1004,1007
1008,996,994
998,1008,994
1008,998,1003
1009,996,1008
1009,982,983
996,1009,983
981,982,1010
982,1009,1010
87,1011,980
1011,87,981
1012,981,1010
1012,1013,981
1013,1011,981
1011,1014,980
980,1014,965
1016,1009,1008
1016,1008,1015
1017,1003,1007
1008,1017,1015
1017,1008,1003
1007,1004,1018
1018,1004,1006
1005,1019,1006
1019,1020,1006
1020,1018,1006
1019,1021,1020
1022,1017,1007
1022,1007,1018
1020,1022,1018
1020,1021,1023
1022,1020,1023
1021,1024,1023
1025,1022,1023
1017,1022,1026
1027,1017,1026
1017,1027,1015
1009,1016,1028
1009,1028,1010
1028,1012,1010
1027,1029,1015
1028,1016,1029
1029,1016,1015
1026,1022,1030
1030,1022,1025
1023,1024,1031
1025,1023,1031
1032,1025,1031
1032,1030,1025
1024,1033,1031
1034,1026,1030
1032,1034,1030
1027,1026,1035
1026,1034,1035
1033,1036,1031
1036,1032,1031
1033,1037,1036
1034,1032,1038
1038,1032,1036
1037,1039,1036
1039,1038,1036
1035,1034,1040
1040,1034,1038
1029,1044,1041
1044,1027,1035
1027,1044,1029
1028,1045,1043
1045,1028,1029
1043,1045,1042
1045,1029,1041
1045,1041,1042
1048,1028,1043
1049,1050,1052
1047,1049,1052
1051,1053,1050
1050,1053,1052
1012,1028,1054
1054,1048,1046
1028,1048,1054
1055,1054,1046
1012,1055,1013
1055,1012,1054
1047,1055,1046
1056,1055,1047
1014,1056,1053
1013,1055,1056
1014,1011,1056
1011,1013,1056
1053,1056,1052
1056,1047,1052
965,1014,1057
1051,1057,1053
1057,1014,1053
965,1058,966
1058,964,966
1058,965,1059
965,1057,1059
1057,1051,1059
1061,967,968
964,1061,968
1061,964,1060
967,1061,963
961,962,1062
970,1063,959
959,1063,893
970,961,1063
893,1063,887
962,1064,1062
1064,962,963
1061,1065,963
1065,1064,963
1064,1065,1066
1067,961,1062
961,1067,1068
1063,961,1068
1063,1068,1069
887,1063,1069
1068,1070,1069
1070,887,1069
1068,1067,1071
1070,1068,1071
1071,1067,1072
1073,1067,1062
1064,1073,1062
1067,1073,1072
1073,1064,1066
1075,1060,1076
1077,1075,1074
1060,1075,1077
1065,1061,1077
1061,1060,1077
1065,1077,1074
1058,1059,1078
964,1058,1079
1079,1058,1078
964,1079,1060
1060,1079,1076
1051,1080,1059
1059,1080,1078
1081,1079,1078
1079,1081,1076
1081,1078,1082
1078,1080,1082
1051,1083,1080
1080,1084,1082
1080,1083,1084
1085,1081,1082
1081,1085,1086
1076,1081,1086
1087,1076,1086
1087,1075,1076
1075,1088,1074
1075,1087,1088
1088,1089,1074
1089,1065,1074
1065,1090,1066
1090,1065,1089
1090,1073,1066
887,1070,1091
862,887,1091
852,862,1091
1092,1071,1072
1070,1071,1093
1093,1071,1092
1070,1093,1091
1073,1094,1072
1094,1092,1072
1094,1073,1095
1073,1090,1095
1090,1089,1096
1095,1090,1097
1097,1090,1096
1089,1098,1096
1097,1096,1099
1096,1098,1099
1094,1095,1100
1095,1097,1101
1100,1095,1101
852,1091,1102
1091,1093,1102
1102,1093,1103
1093,1104,1103
1093,1092,1105
1093,1105,1104
1106,1094,1100
1092,1094,1106
1092,1106,1105
846,852,1107
845,846,1107
852,1102,1107
1108,1102,1103
1102,1108,1107
1109,845,1107
1108,1109,1107
1110,1109,1108
1110,1108,1103
1104,1110,1103
1111,1110,1104
1105,1111,1104
1112,1111,1105
1106,1112,1105
1113,1112,1106
1106,1100,1116
1113,1106,1116
1114,1113,1116
1100,1101,1117
1115,1114,1117
1100,1117,1116
1117,1114,1116
1101,1097,1118
1097,1099,1118
1101,1118,1117
1118,1115,1117
1099,1098,1119
1120,1115,1118
1099,1120,1118
1121,1120,1099
1121,1099,1119
1122,1121,1119
1123,1122,1127
1098,1127,1119
1127,1122,1119
1124,1123,1128
1128,1123,1127
1129,1088,1128
1089,1088,1129
1098,1089,1129
1098,1129,1127
1129,1128,1127
1087,1086,1130
1086,1085,1130
1088,1087,1131
1125,1124,1131
1088,1131,1128
1131,1124,1128
1125,1131,1132
1087,1130,1132
1131,1087,1132
1126,1125,1132
1130,1126,1132
1130,1085,1133
1134,1085,1082
1084,1134,1082
1134,1084,1135
1084,1083,1136
1084,1136,1135
1134,1135,1137
1085,1134,1138
1134,1137,1138
1085,1138,1133
1130,1133,1139
1126,1130,1139
1133,1140,1139
1138,1140,1133
1140,1126,1139
1137,1141,1138
1141,1140,1138
1142,1141,1137
1135,1142,1137
1143,1142,1135
1136,1143,1135
1144,1143,1136
1150,1149,1147
1150,1147,1148
1151,1150,1148
1153,1152,1156
1152,1151,1157
1151,1148,1157
1156,1152,1157
1154,1153,1158
1158,1153,1156
1155,1154,1160
1154,1158,1160
1159,1155,1160
1161,1158,1156
1162,1161,1156
1148,1162,1157
1162,1156,1157
1147,1163,1148
1163,1162,1148
1149,1146,1164
1147,1149,1164
1146,1145,1165
1146,1165,1164
1145,1144,1166
1083,1166,1136
1166,1144,1136
1145,1166,1165
1165,1167,1164
1168,1147,1164
1168,1163,1147
1167,1168,1164
1051,1169,1083
1083,1169,1166
1169,1051,1050
1166,1169,1165
1169,1167,1165
1168,1167,1170
1050,1049,1170
1169,1050,1170
1167,1169,1170
1049,1171,1170
1049,1047,1171
1171,1168,1170
1171,1162,1163
1168,1171,1163
1171,1172,1162
1047,1172,1171
1172,1047,1046
1162,1172,1161
1172,1046,1173
1046,1048,1173
1048,1043,1174
1175,1174,1159
1048,1175,1173
1175,1048,1174
1175,1159,1160
1158,1161,1176
1173,1175,1176
1161,1172,1176
1172,1173,1176
1158,1176,1160
1176,1175,1160
1044,1177,1041
1041,1177,1178
1041,1178,1042
1179,1043,1042
1178,1179,1042
1043,1179,1174
1177,1044,1180
1044,1035,1180
1180,1035,1040
1037,1181,1039
1039,1182,1038
1182,1040,1038
1182,1039,1183
1039,1181,1183
1040,1182,1184
1185,1040,1184
1185,1180,1040
1180,1185,1186
1177,1180,1186
1181,1187,1183
1183,1187,1188
1189,1183,1188
1189,1182,1183
1182,1189,1184
1187,1190,1188
1186,1185,1191
1192,1185,1184
1191,1185,1192
1189,1192,1184
1178,1177,1193
1179,1178,1194
1194,1178,1193
1174,1179,1195
1159,1174,1195
1179,1194,1195
1196,1186,1191
1196,1177,1186
1177,1196,1197
1193,1177,1197
1193,1197,1198
1194,1193,1198
1199,1155,1159
1199,1159,1195
1200,1199,1195
1194,1200,1195
1201,1200,1194
1201,1194,1198
1202,1201,1198
1197,1202,1198
1203,1202,1197
1196,1203,1197
1204,1203,1196
1204,1196,1191
1205,1204,1191
1205,1191,1206
1191,1192,1206
1192,1189,1207
1192,1207,1206
1207,1205,1206
1207,1189,1208
1208,1189,1209
1189,1188,1209
1188,1190,1209
1210,1205,1207
1210,1207,1208
1211,1210,1208
1211,1208,1209
1212,1211,1209
1190,1212,1209
