!#Experiment  Id= 1.3:
!Initial Temp=850 C
!Cylinder(25,100)
!Quenchant=Isorapid227HM
!t	TC_1	TC_2	TC_3	TC_4
0	849.138443	851.122546	851.145542	849.537487
0.5	849.027885	851.086212	851.187856	849.511741
1	848.921927	851.035161	851.148072	849.518637
1.5	848.764948	850.999288	851.122086	849.509442
2	848.606827	850.928232	851.184406	849.525303
2.5	848.442506	850.894889	851.121856	849.485305
3	848.119629	850.719901	851.113577	849.488524
3.5	847.852613	850.572512	851.03953	849.414735
4	847.506116	850.466285	851.048728	849.38922
4.5	847.064075	850.335459	851.014005	849.334052
5	846.518481	850.060945	850.962495	849.239349
5.5	846.005802	849.869439	850.886151	849.146947
6	845.29546	849.554268	850.873734	849.032942
6.5	844.509011	849.177058	850.740826	848.857572
7	843.559269	848.741276	850.652989	848.659457
7.5	842.397924	848.195233	850.533654	848.456065
8	841.08801	847.571599	850.411793	848.160533
8.5	839.649159	846.829978	850.283268	847.857439
9	838.04597	845.964	850.078417	847.437877
9.5	836.325606	844.944582	849.832657	846.974018
10	834.553261	843.689653	849.516568	846.277523
10.5	832.758308	842.385073	849.122813	845.482392
11	831.034149	841.002211	848.761041	844.573758
11.5	829.287587	839.588845	848.302781	843.527362
12	827.540602	838.154863	847.704636	842.451623
12.5	825.849883	836.64643	847.008479	841.204094
13	824.040566	835.124793	846.285563	839.898222
13.5	822.329771	833.595461	845.454375	838.563638
14	820.592496	832.13513	844.602229	837.149945
14.5	818.803669	830.778286	843.667616	835.678073
15	817.0546	829.334943	842.810555	834.321693
15.5	815.313088	828.119649	841.634274	832.601245
16	813.505503	826.836569	840.55191	831.165748
16.5	811.668835	825.491707	839.399652	829.482046
17	803.959759	824.072097	838.24473	827.69862
17.5	782.587908	823.072805	837.073165	826.06293
18	751.529061	822.525053	835.885428	824.684491
18.5	712.395066	820.244578	834.758042	823.636849
19	670.285766	804.459197	833.864777	822.572334
19.5	631.787825	782.10206	832.870956	821.307141
20	593.087192	757.561919	831.52532	818.089444
20.5	559.310803	732.125879	829.412268	807.821902
21	530.292056	703.010343	826.168542	792.307573
21.5	501.971671	666.152941	821.624317	779.216137
22	475.004898	625.694419	815.601314	765.833111
22.5	453.102178	586.59223	807.886547	752.359774
23	434.112847	549.956623	798.343695	738.233369
23.5	415.491389	517.386617	787.681573	721.263093
24	396.652575	489.096797	774.828886	694.714121
24.5	377.948258	464.88283	759.163798	658.049154
25	362.181072	443.409098	740.816536	615.984473
25.5	348.345219	424.535357	719.964148	575.252343
26	336.659274	407.543992	698.245963	537.639967
26.5	325.941675	392.355144	676.051049	504.632794
27	315.400907	378.912317	653.738726	477.325737
27.5	304.682977	367.877619	631.703432	454.017361
28	294.609943	357.050482	610.177742	433.70828
28.5	285.444773	346.605855	589.270823	415.632835
29	276.759461	336.842325	569.119354	399.614637
29.5	268.504098	327.297026	549.846957	384.713367
30	260.562419	318.561899	531.474555	371.284369
30.5	253.259625	309.244323	513.929216	359.381558
31	246.131267	301.46559	497.224547	347.819945
31.5	239.591817	293.989865	481.289339	336.71851
32	233.522047	285.868806	466.084165	327.03647
32.5	228.015151	278.428201	451.716409	317.416617
33	223.019193	272.419432	438.254418	308.725291
33.5	217.990956	266.530505	425.464284	300.233157
34	213.006355	260.472599	413.235952	292.118953
34.5	208.222711	254.337862	401.494229	284.820226
35	203.649794	249.02436	390.253338	278.435442
35.5	199.647147	244.193057	379.492101	272.310097
36	195.756055	239.976605	369.181082	266.289689
36.5	191.863347	236.092606	359.295894	260.387334
37	188.277969	231.168397	349.859682	254.688021
37.5	184.737239	226.856619	340.813523	248.983579
38	181.40105	222.271708	332.167354	243.156981
38.5	178.385088	218.32965	323.876594	237.768943
39	175.519919	214.519994	315.919963	233.089678
39.5	172.781474	210.097857	308.299393	228.805252
40	170.319257	206.536512	300.991891	224.553388
40.5	167.739065	202.799593	293.977939	220.3891
41	165.002233	199.514674	287.221034	216.222512
41.5	162.489787	196.573831	280.756102	211.978652
42	160.090971	193.770842	274.539855	208.055583
42.5	157.78924	190.883757	268.547265	204.427515
43	155.621142	188.179391	262.806133	201.189123
43.5	153.440577	185.644739	257.278509	197.983965
44	151.46152	182.639375	251.968097	194.983866
44.5	149.576982	179.903008	246.856939	191.803231
45	147.784965	177.217487	241.941912	188.655267
45.5	145.99688	174.884118	237.21712	185.740057
46	144.134794	172.545404	232.64063	182.877306
46.5	142.394188	170.057688	228.245275	180.438456
47	140.555549	167.622302	224.020329	177.843204
47.5	138.826732	165.429965	219.925278	175.368999
48	137.09645	163.828298	215.949719	172.934435
48.5	135.36015	161.893063	212.165127	170.59131
49	133.702102	159.92523	208.481873	168.348278
49.5	132.146659	157.941878	204.897861	166.14512
50	130.668608	155.991807	201.445384	164.057201
50.5	129.13501	153.990245	198.112273	161.863102
51	127.65763	152.02003	194.924465	159.906428
51.5	126.085752	150.365231	191.858221	158.091972
52	124.541092	148.754778	188.897164	156.444598
52.5	123.213146	147.073581	186.04955	154.750423
53	121.998606	145.40517	183.266251	152.977164
53.5	120.798821	143.650149	180.562185	151.293968
54	119.635389	142.190889	177.956425	149.676887
54.5	118.362645	140.8803	175.404633	148.175061
55	117.157902	139.673917	172.936065	146.57489
55.5	115.987395	138.34818	170.54011	144.979552
56	114.943903	136.93461	168.211495	143.351251
56.5	113.981359	135.855187	165.951672	141.828596
57	112.946781	134.554588	163.779033	140.452837
57.5	111.901481	133.080087	161.643626	139.092977
58	110.934943	131.82844	159.599344	137.861466
58.5	109.988398	130.865642	157.584652	136.62683
59	109.097109	129.810849	155.647335	135.50279
59.5	108.211686	128.643862	153.782456	134.302979
60	107.198748	127.604114	151.986002	133.099586
60.5	106.25188	126.549441	150.248874	131.956363
61	105.25039	125.751488	148.573312	130.924069
61.5	104.33361	124.763239	146.926203	129.892828
62	103.505246	123.655985	145.36362	128.78872
62.5	102.716243	122.633133	143.809532	127.841749
63	101.864435	121.548901	142.319505	126.950384
63.5	100.956653	120.81659	140.864637	126.10426
64	100.048592	120.0896	139.477106	125.168336
64.5	99.29221	119.266417	138.115618	124.172204
65	98.623643	118.424292	136.791402	123.314206
65.5	97.899029	117.517326	135.537705	122.517975
66	97.099975	116.462228	134.280483	121.729407
66.5	96.377421	115.485668	133.078481	120.8601
67	95.747925	114.683299	131.907989	119.927254
67.5	95.081963	114.007907	130.756354	118.996737
68	94.351028	113.400368	129.618053	118.139733
68.5	93.584593	112.725926	128.505193	117.312484
69	92.849368	111.905787	127.417733	116.432008
69.5	92.17832	110.907762	126.366144	115.652137
70	91.569826	109.954667	125.327296	114.948217
70.5	90.932291	109.172008	124.313723	114.219392
71	90.307008	108.519296	123.32356	113.482707
71.5	89.710787	107.867948	122.341263	112.570166
72	89.142486	107.101101	121.372744	111.728571
72.5	88.574957	106.392411	120.429142	111.054089
73	88.038908	105.745648	119.519977	110.487876
73.5	87.481424	105.24339	118.616527	109.981154
74	86.943971	104.684151	117.721056	109.331998
74.5	86.346767	103.986065	116.850144	108.659095
75	85.75503	103.39335	116.006931	107.910912
75.5	85.190259	102.693692	115.155276	107.196036
76	84.702388	101.967003	114.333769	106.593962
76.5	84.205163	101.353927	113.527394	105.947582
77	83.673503	100.74171	112.74724	105.208391
77.5	83.18198	100.084628	111.983977	104.549164
78	82.654679	99.525468	111.250041	103.879782
78.5	82.191007	99.00765	110.503048	103.288904
79	81.76319	98.547795	109.763158	102.799685
79.5	81.316374	97.986781	109.01882	102.209128
80	80.830863	97.232681	108.27818	101.660442
80.5	80.376943	96.621396	107.558187	100.974228
81	79.944981	96.11571	106.865594	100.346355
81.5	79.559143	95.613729	106.177326	99.805593
82	79.140424	95.234558	105.527023	99.350972
82.5	78.688602	94.842414	104.880104	98.885868
83	78.250894	94.433031	104.241752	98.436841
83.5	77.847884	94.010012	103.634295	97.965855
84	77.458534	93.489141	103.020484	97.575279
84.5	77.081276	92.90685	102.39604	97.14181
85	76.704918	92.441871	101.763225	96.60543
85.5	76.356311	92.039372	101.148633	96.164722
86	76.036794	91.625036	100.563509	95.711959
86.5	75.703407	91.230508	99.978324	95.241301
87	75.387474	90.927355	99.412438	94.782418
87.5	75.088993	90.559618	98.875063	94.305422
88	74.765899	90.229165	98.327918	93.910502
88.5	74.435867	89.928356	97.792383	93.501269
89	74.093526	89.490317	97.269571	93.045618
89.5	73.748497	89.041127	96.752725	92.614965
90	73.412637	88.687738	96.225652	92.198748
90.5	73.06357	88.177004	95.739158	91.787082
91	72.709572	87.398268	95.250515	91.353708
91.5	72.289105	86.913044	94.750285	90.880011
92	71.855869	86.526703	94.285202	90.504204
92.5	71.440295	86.120906	93.804931	90.138314
93	71.088487	85.683561	93.330138	89.78929
93.5	70.786351	85.225429	92.861044	89.403524
94	70.468537	84.810575	92.392706	88.996278
94.5	70.187865	84.489829	91.929834	88.584598
95	69.929343	84.109755	91.481177	88.118044
95.5	69.666333	83.844595	91.01823	87.687192
96	69.371303	83.556608	90.571733	87.32027
96.5	69.060365	83.173919	90.136071	86.998878
97	68.746277	82.783645	89.695087	86.664069
97.5	68.472471	82.285709	89.294083	86.276184
98	68.176261	81.854751	88.874294	85.908725
98.5	67.877572	81.389796	88.467561	85.489549
99	67.559608	81.038583	88.052583	85.030541
99.5	67.296264	80.739316	87.64281	84.586588
100	67.02865	80.541452	87.254375	84.222856
100.5	66.755197	80.395744	86.838417	83.861615
101	66.49427	80.022419	86.446705	83.625356
101.5	66.214511	79.549296	86.05929	83.40747
102	65.963183	79.179811	85.66407	83.15914
102.5	65.728192	78.843683	85.285465	82.815663
103	65.524551	78.685245	84.895469	82.507804
103.5	65.283484	78.457215	84.527457	82.25056
104	65.058982	78.207706	84.158803	81.929299
104.5	64.849927	77.915462	83.796895	81.616113
105	64.649599	77.58138	83.429863	81.372784
105.5	64.432453	77.250885	83.069798	81.109765
106	64.236583	76.892872	82.708638	80.734839
106.5	63.994307	76.634436	82.356456	80.470724
107	63.766806	76.365037	82.002728	80.235714
107.5	63.58726	76.094522	81.675436	79.951472
108	63.346056	75.723545	81.338311	79.622926
108.5	63.110214	75.32639	81.018214	79.284098
109	62.830183	75.082728	80.680001	78.97773
109.5	62.554611	74.894331	80.357023	78.678308
110	62.291347	74.528052	80.022196	78.422753
110.5	62.063718	74.257313	79.721623	78.168322
111	61.834948	74.112098	79.389505	77.910315
111.5	61.602795	73.753196	79.075301	77.677599
112	61.397093	73.315973	78.760883	77.39879
112.5	61.213585	73.037166	78.441998	77.027126
113	61.002917	72.783639	78.141917	76.701114
113.5	60.824542	72.541745	77.820585	76.433729
114	60.652213	72.310364	77.531928	76.159857
114.5	60.505006	72.161105	77.217321	75.878603
115	60.311784	71.895926	76.932477	75.635164
115.5	60.160965	71.689149	76.649203	75.362861
116	59.968389	71.603438	76.342214	75.111367
116.5	59.774226	71.415007	76.050891	74.84533
117	59.58319	71.2259	75.772769	74.626726
117.5	59.410772	70.998966	75.488161	74.417967
118	59.246874	70.781204	75.207132	74.216814
118.5	59.047711	70.446379	74.954519	73.982992
119	58.885134	70.126761	74.668344	73.746707
119.5	58.710418	69.858387	74.413716	73.520713
120	58.566233	69.666333	74.158415	73.238552
120.5	58.445622	69.538295	73.898637	72.9857
121	58.309956	69.357424	73.652058	72.783416
121.5	58.164621	69.156849	73.379745	72.587394
122	58.02332	68.945522	73.130922	72.438586
122.5	57.884257	68.750978	72.872922	72.216378
123	57.763159	68.536278	72.63998	71.993719
123.5	57.605204	68.260894	72.383986	71.804846
124	57.493302	67.995796	72.168042	71.585535
124.5	57.364091	67.80995	71.901744	71.295724
125	57.209477	67.643131	71.684226	71.031194
125.5	57.094856	67.452794	71.452604	70.808061
126	56.942244	67.22841	71.222767	70.628565
126.5	56.806479	66.992594	70.966291	70.468985
127	56.652946	66.793943	70.758375	70.289034
127.5	56.532224	66.582965	70.529639	70.116912
128	56.384964	66.423044	70.298882	69.90293
128.5	56.246687	66.194352	70.081771	69.65917
129	56.102554	66.01	69.85503	69.483676
129.5	55.974376	65.816903	69.640815	69.288925
130	55.834496	65.692348	69.432191	69.053649
130.5	55.665815	65.477056	69.217739	68.842766
131	55.502068	65.273626	68.997459	68.676651
131.5	55.384423	65.093263	68.778514	68.454112
132	55.214127	64.927008	68.573442	68.209398
132.5	55.080489	64.746404	68.380677	67.998035
133	54.951116	64.60635	68.170216	67.8151
133.5	54.820608	64.440744	67.953701	67.58312
134	54.704269	64.219102	67.752404	67.38024
134.5	54.573968	64.053477	67.554458	67.180262
135	54.428129	63.856015	67.34441	66.974901
135.5	54.28903	63.716149	67.138609	66.788792
136	54.165677	63.603176	66.952954	66.62104
136.5	54.026782	63.476972	66.75027	66.440739
137	53.892154	63.253246	66.555416	66.274765
137.5	53.771475	63.078603	66.376008	66.119313
138	53.658218	62.905743	66.166129	65.957583
138.5	53.545854	62.725474	65.978639	65.788229
139	53.451049	62.486891	65.794277	65.600946
139.5	53.356238	62.277443	65.599154	65.374222
140	53.24498	62.073361	65.443899	65.190728
140.5	53.162771	61.916141	65.253238	65.06548
141	53.077179	61.78179	65.075787	64.936419
141.5	52.977166	61.583953	64.884883	64.793908
142	52.876245	61.384755	64.708758	64.59156
142.5	52.766307	61.23086	64.537106	64.422368
143	52.647124	61.123846	64.350431	64.274906
143.5	52.566237	61.030738	64.163745	64.124076
144	52.462362	60.938973	63.987583	63.941636
144.5	52.374029	60.825888	63.814997	63.79998
145	52.264508	60.674428	63.63792	63.671319
145.5	52.162417	60.47875	63.47092	63.559689
146	52.035301	60.28575	63.313999	63.424517
146.5	51.96137	60.13897	63.145636	63.2658
147	51.857456	59.979836	62.99251	63.113577
147.5	51.772922	59.850097	62.825251	62.975471
148	51.686806	59.678373	62.660897	62.851708
148.5	51.568895	59.533576	62.511558	62.701482
149	51.456387	59.390791	62.349204	62.581519
149.5	51.303508	59.245527	62.202316	62.453255
150	51.176322	59.121361	62.041514	62.284395
150.5	51.065139	59.022786	61.888778	62.126289
151	50.93252	58.925555	61.741641	61.959877
151.5	50.833725	58.806311	61.581037	61.740071
152	50.726577	58.694248	61.435678	61.54896
152.5	50.607691	58.564885	61.280664	61.412572
153	50.509552	58.394861	61.138877	61.29031
153.5	50.403735	58.260089	60.982051	61.178587
154	50.327018	58.088917	60.826112	61.09109
154.5	50.213516	57.961765	60.692828	60.984295
155	50.113546	57.890323	60.541135	60.79268
155.5	50.021467	57.79686	60.397064	60.632915
156	49.948794	57.653513	60.243782	60.520266
156.5	49.839551	57.524087	60.110466	60.409407
157	49.773641	57.36072	59.952452	60.31313
157.5	49.663708	57.24094	59.822039	60.203608
158	49.602078	57.168349	59.681516	60.067821
158.5	49.527127	57.081596	59.541209	59.896786
159	49.442914	56.997312	59.388321	59.750431
159.5	49.386017	56.90718	59.256978	59.636619
160	49.297054	56.772087	59.129893	59.507759
160.5	49.250538	56.615628	59.000107	59.341622
161	49.175568	56.465677	58.847632	59.220829
161.5	49.133565	56.332577	58.723443	59.056468
162	49.063106	56.217906	58.599473	58.923758
162.5	48.986093	56.12594	58.476169	58.783629
163	48.926242	55.980448	58.340055	58.666624
163.5	48.85645	55.809982	58.199664	58.500201
164	48.776489	55.705625	58.072743	58.368805
164.5	48.717081	55.574497	57.949858	58.233808
165	48.647504	55.45888	57.824495	58.108237
165.5	48.617685	55.361028	57.682947	57.99434
166	48.567758	55.26677	57.553074	57.887402
166.5	48.516249	55.146634	57.434428	57.753497
167	48.44621	55.022441	57.306561	57.602507
167.5	48.375491	54.93199	57.181159	57.46791
168	48.294599	54.848511	57.06856	57.368136
168.5	48.233363	54.761877	56.937974	57.268357
169	48.157435	54.596698	56.81637	57.162955
169.5	48.09348	54.43263	56.698355	57.059795
170	48.01325	54.318516	56.588202	56.973037
170.5	47.941605	54.187062	56.466576	56.888973
171	47.857524	54.079685	56.353038	56.790295
171.5	47.788582	54.010573	56.222628	56.673403
172	47.716473	53.927951	56.119644	56.575388
172.5	47.659506	53.827988	56.006309	56.470848
173	47.582642	53.661821	55.885771	56.348316
173.5	47.534713	53.579407	55.77917	56.224202
174	47.449476	53.474244	55.67931	56.107726
174.5	47.375992	53.3693	55.575172	55.99619
175	47.321498	53.293853	55.445833	55.89814
175.5	47.242806	53.226962	55.338757	55.788841
176	47.167502	53.189574	55.244723	55.714172
176.5	47.090384	53.120876	55.13201	55.623755
177	47.027058	53.025596	55.025816	55.532435
177.5	46.963955	52.952387	54.919615	55.442009
178	46.911254	52.884355	54.805982	55.330434
178.5	46.852444	52.766758	54.722946	55.215927
179	46.805393	52.664473	54.6021	55.140784
179.5	46.747936	52.569166	54.504876	55.053715
180	46.684141	52.49526	54.401345	54.971141
180.5	46.643872	52.431041	54.307262	54.908364
181	46.594326	52.340453	54.206195	54.828709
181.5	46.540252	52.270368	54.111876	54.753551
182	46.492512	52.172108	54.015751	54.659261
182.5	46.43572	52.09886	53.913992	54.614477
183	46.375757	52.018847	53.826862	54.572843
183.5	46.320091	51.915162	53.7359	54.51883
184	46.258312	51.853624	53.628946	54.421827
184.5	46.199247	51.770217	53.531893	54.359931
185	46.150589	51.676436	53.454201	54.271923
185.5	46.115283	51.613085	53.349481	54.185036
186	46.061643	51.53688	53.279664	54.097244
186.5	46.009358	51.42234	53.180114	53.994815
187	45.967258	51.271712	53.099478	53.914443
187.5	45.905463	51.167752	52.996538	53.822584
188	45.830535	51.070777	52.917695	53.723516
188.5	45.789787	50.991162	52.810689	53.62872
189	45.730021	50.922596	52.751213	53.55306
189.5	45.69493	50.849966	52.650954	53.422223
190	45.641725	50.808461	52.550915	53.320879
190.5	45.605726	50.718456	52.490528	53.216601
191	45.562933	50.650329	52.400395	53.115696
191.5	45.507458	50.597088	52.317918	53.015234
192	45.468285	50.503686	52.206364	52.945854
192.5	45.434093	50.423816	52.144838	52.875569
193	45.374537	50.325439	52.050176	52.816546
193.5	45.34238	50.258647	51.965202	52.730711
194	45.29369	50.21848	51.868952	52.661319
194.5	45.256775	50.158905	51.808089	52.561956
195	45.221218	50.094363	51.71972	52.499992
195.5	45.162105	50.035009	51.643295	52.398592
196	45.116579	49.967076	51.564612	52.306425
196.5	45.030959	49.864154	51.482317	52.228225
197	44.987014	49.763257	51.395508	52.135822
197.5	44.938311	49.655581	51.330116	52.062798
198	44.884395	49.580858	51.246456	51.988418
198.5	44.839539	49.480618	51.166399	51.910879
199	44.790377	49.415143	51.09536	51.823643
199.5	44.738721	49.351697	51.014619	51.751732
200	44.712439	49.323698	50.941316	51.65344
200.5	44.663272	49.252571	50.8838	51.543418
201	44.616595	49.18844	50.793799	51.453005
201.5	44.584192	49.144631	50.710561	51.350636
202	44.550883	49.087722	50.640177	51.264045
202.5	44.484033	49.019518	50.560991	51.159859
203	44.45344	48.934599	50.47413	51.100998
203.5	44.418994	48.822569	50.410052	51.011912
204	44.396104	48.72431	50.332208	50.948083
204.5	44.340126	48.651797	50.260678	50.862823
205	44.310436	48.600064	50.178538	50.795378
205.5	44.25264	48.537711	50.118285	50.723645
206	44.216148	48.483489	50.029367	50.66973
206.5	44.178975	48.40396	49.968881	50.582875
207	44.148374	48.345891	49.895302	50.512485
207.5	44.098958	48.304767	49.825331	50.456531
208	44.072436	48.242175	49.764837	50.381397
208.5	44.027778	48.190428	49.704115	50.322731
209	43.9974	48.119469	49.619236	50.251201
209.5	43.97473	48.029071	49.545188	50.197268
210	43.913291	47.985677	49.479715	50.11016
210.5	43.882684	47.934598	49.416046	50.030946
211	43.845047	47.87425	49.350568	49.945183
211.5	43.802875	47.817063	49.283054	49.893722
212	43.772945	47.763039	49.197473	49.81698
212.5	43.731904	47.709465	49.139888	49.773415
213	43.687914	47.647976	49.076204	49.722851
213.5	43.661383	47.540365	49.001451	49.675221
214	43.627595	47.479095	48.940245	49.607045
214.5	43.572942	47.377575	48.881747	49.521031
215	43.540059	47.324664	48.807435	49.433883
215.5	43.517153	47.264062	48.741477	49.352826
216	43.482227	47.213861	48.686133	49.250764
216.5	43.436867	47.142625	48.605712	49.168342
217	43.41033	47.076814	48.534774	49.100143
217.5	43.375401	47.041532	48.478971	49.030811
218	43.31983	47.010773	48.417516	48.977737
218.5	43.289662	46.929801	48.354025	48.913142
219	43.252234	46.870313	48.291888	48.853287
219.5	43.192574	46.824168	48.226584	48.794108
220	43.174652	46.790011	48.163084	48.743284
220.5	43.127239	46.768069	48.093706	48.654507
221	43.10183	46.711967	48.039467	48.607745
221.5	43.063489	46.666721	47.984773	48.545167
222	43.029685	46.595909	47.914482	48.499982
222.5	42.993156	46.555185	47.84577	48.451181
223	42.965476	46.469886	47.81209	48.398311
223.5	42.952089	46.424633	47.73094	48.340694
224	42.92055	46.386392	47.683016	48.288724
224.5	42.892414	46.348603	47.625144	48.253926
225	42.873127	46.29633	47.56139	48.206698
225.5	42.839771	46.245866	47.501478	48.13461
226	42.79711	46.232967	47.456711	48.064101
226.5	42.769652	46.173447	47.38888	48.029071
227	42.73947	46.132257	47.34004	47.940022
227.5	42.724946	46.092424	47.293911	47.884873
228	42.678877	46.025655	47.238736	47.827687
228.5	42.677515	45.963636	47.16818	47.775246
229	42.6496	45.932399	47.12883	47.706978
229.5	42.624408	45.874904	47.051936	47.619492
230	42.599897	45.850229	47.015975	47.53946
230.5	42.592407	45.788429	46.946087	47.467112
231	42.547922	45.732058	46.913968	47.411265
231.5	42.536573	45.66912	46.857646	47.36446
232	42.515464	45.607311	46.81218	47.316071
232.5	42.477105	45.566103	46.765807	47.261123
233	42.451682	45.539158	46.711288	47.204589
233.5	42.402652	45.500665	46.658351	47.150993
234	42.391302	45.470097	46.603601	47.113226
234.5	42.363153	45.415977	46.566045	47.051936
235	42.335912	45.352344	46.504504	47.016202
235.5	42.305038	45.319507	46.463777	46.983406
236	42.299817	45.279649	46.417618	46.919623
236.5	42.273937	45.272628	46.341362	46.873027
237	42.243288	45.2262	46.317602	46.846336
237.5	42.219904	45.166408	46.264196	46.807655
238	42.195838	45.107066	46.217804	46.74047
238.5	42.164734	45.067881	46.172994	46.689797
239	42.140213	45.016009	46.118225	46.647718
239.5	42.120232	44.966174	46.077033	46.605864
240	42.110469	44.938085	46.033124	46.556316
240.5	42.084812	44.887567	45.993288	46.529845
241	42.059608	44.837954	45.940775	46.483688
241.5	42.033949	44.818697	45.886448	46.459704
242	42.020779	44.796268	45.840269	46.417618
242.5	41.995347	44.75526	45.804275	46.351319
243	41.975818	44.71697	45.756282	46.327785
243.5	41.9547	44.672108	45.710098	46.261707
244	41.92427	44.613196	45.662554	46.21803
244.5	41.8977	44.557227	45.623159	46.170505
245	41.873628	44.51032	45.577424	46.136783
245.5	41.864544	44.472929	45.525573	46.073186
246	41.857958	44.453667	45.496137	46.037877
246.5	41.840926	44.449814	45.449717	45.984008
247	41.818896	44.398597	45.413033	45.942133
247.5	41.803225	44.374801	45.360949	45.909764
248	41.791415	44.3365	45.320413	45.848645
248.5	41.768704	44.312022	45.261757	45.834836
249	41.740995	44.274852	45.230503	45.768054
249.5	41.721008	44.226348	45.184074	45.717796
250	41.722598	44.164695	45.152819	45.669346
250.5	41.691026	44.136587	45.117712	45.624971
251	41.678534	44.091024	45.075355	45.588518
251.5	41.650823	44.042966	45.021672	45.551838
252	41.65423	44.030271	45.001965	45.508817
252.5	41.625156	44.001254	44.955074	45.458095
253	41.597443	43.97813	44.917017	45.40239
253.5	41.594491	43.942537	44.878505	45.355061
254	41.569049	43.915558	44.834782	45.307051
254.5	41.552694	43.887218	44.805557	45.278969
255	41.54338	43.84346	44.769534	45.260398
255.5	41.508396	43.840059	44.718783	45.209214
256	41.50408	43.795846	44.683437	45.168899
256.5	41.482499	43.774306	44.644692	45.135378
257	41.467051	43.732358	44.608211	45.112502
257.5	41.42843	43.713311	44.575582	45.076488
258	41.44615	43.673855	44.542725	45.049307
258.5	41.420251	43.628502	44.477915	45.003324
259	41.396624	43.597888	44.462958	44.972517
259.5	41.382538	43.552305	44.433724	44.950091
260	41.376176	43.527812	44.409702	44.918376
260.5	41.362318	43.504226	44.364376	44.89391
261	41.334599	43.463176	44.334233	44.858343
261.5	41.317786	43.416681	44.293891	44.828438
262	41.283932	43.387876	44.270092	44.801252
262.5	41.285977	43.365648	44.233601	44.769534
263	41.296883	43.331171	44.204588	44.732377
263.5	41.272344	43.299189	44.167188	44.682531
264	41.263937	43.28263	44.12684	44.639254
264.5	41.243487	43.23023	44.100998	44.600734
265	41.230308	43.200287	44.065409	44.562666
265.5	41.221219	43.176467	44.01939	44.540912
266	41.191452	43.14743	43.99672	44.518931
266.5	41.19327	43.157865	43.981984	44.484033
267	41.199633	43.104553	43.947525	44.454347
267.5	41.167593	43.083681	43.918959	44.420354
268	41.151459	43.053734	43.889032	44.396331
268.5	41.125326	43.038306	43.851169	44.35871
269	41.132826	43.02855	43.813078	44.318368
269.5	41.101466	43.005635	43.799927	44.292077
270	41.100784	42.988165	43.746189	44.257173
270.5	41.085331	42.948912	43.717165	44.216148
271	41.078059	42.916239	43.687007	44.204135
271.5	41.061469	42.896952	43.65526	44.173762
272	41.048743	42.852024	43.645736	44.12616
272.5	41.032153	42.82956	43.594259	44.081957
273	41.033744	42.799833	43.58224	44.053621
273.5	41.018517	42.77351	43.540966	44.035712
274	41.009427	42.756036	43.529853	44.012362
274.5	41.005336	42.710876	43.495381	43.990826
275	40.998518	42.687728	43.469526	43.955233
275.5	40.982154	42.646196	43.432784	43.924854
276	40.973972	42.640749	43.416001	43.881324
276.5	40.941699	42.626224	43.383113	43.859785
277	40.930335	42.609883	43.360658	43.831897
277.5	40.933744	42.57652	43.339791	43.804009
278	40.915562	42.563129	43.301457	43.775893
278.5	40.90988	42.541113	43.264937	43.748457
279	40.899879	42.525905	43.237489	43.726689
279.5	40.886924	42.503662	43.218888	43.709002
280	40.858967	42.471884	43.182592	43.67
280.5	40.848511	42.462351	43.155824	43.670907
281	40.834419	42.433296	43.144707	43.613081
281.5	40.827599	42.410823	43.115215	43.595166
282	40.8351	42.379951	43.104099	43.566592
282.5	40.816916	42.372233	43.048062	43.54913
283	40.791685	42.344085	43.046927	43.523957
283.5	40.798732	42.327967	43.016299	43.488804
284	40.798277	42.298682	42.987938	43.463856
284.5	40.779865	42.270077	42.971148	43.459547
285	40.782138	42.238066	42.948912	43.410784
285.5	40.759407	42.226942	42.923727	43.393773
286	40.757361	42.197882	42.901944	43.378577
286.5	40.753497	42.163144	42.878119	43.340925
287	40.733947	42.135445	42.844309	43.326635
287.5	40.731447	42.10343	42.825248	43.299415
288	40.729174	42.103884	42.801421	43.283764
288.5	40.7244	42.090715	42.780544	43.253368
289	40.709851	42.055748	42.75649	43.235448
289.5	40.679617	42.040761	42.733796	43.202782
290	40.675297	42.025548	42.713145	43.181912
290.5	40.680981	42.002841	42.685912	43.152421
291	40.674615	41.982858	42.668437	43.127239
291.5	40.660293	41.945162	42.640976	43.102738
292	40.648245	41.944027	42.614876	43.061674
292.5	40.654837	41.927222	42.593769	43.036264
293	40.640061	41.901788	42.581513	43.020836
293.5	40.643471	41.889298	42.557454	42.995425
294	40.623692	41.875899	42.525905	42.978862
294.5	40.615735	41.851599	42.511379	42.960484
295	40.608687	41.832068	42.473473	42.926903
295.5	40.598457	41.842742	42.456449	42.910113
296	40.59823	41.807995	42.445553	42.88243
296.5	40.57072	41.804361	42.42013	42.865866
297	40.574813	41.770975	42.394934	42.832283
297.5	40.570038	41.770521	42.383357	42.805733
298	40.569356	41.74372	42.356343	42.788714
298.5	40.557079	41.723506	42.336593	42.771921
299	40.529569	41.70102	42.32774	42.749682
299.5	40.533661	41.683077	42.302541	42.725173
300	40.539345	41.689891	42.289374	42.703387
300.5	40.53207	41.675581	42.266672	42.690678
301	40.524112	41.652867	42.256002	42.673203
301.5	40.510016	41.6113	42.223536	42.649146
302	40.509561	41.586086	42.201741	42.630309
302.5	40.500694	41.58972	42.172907	42.621912
303	40.49069	41.581088	42.166096	42.593996
303.5	40.492281	41.5586	42.153835	42.572434
304	40.478639	41.534066	42.134536	42.533622
304.5	40.484778	41.524753	42.102522	42.520912
305	40.459085	41.530205	42.10502	42.512741
305.5	40.469772	41.511122	42.069826	42.46689
306	40.46818	41.498174	42.052569	42.46167
306.5	40.440668	41.478637	42.033949	42.449412
307	40.460904	41.468868	42.008063	42.421265
307.5	40.447034	41.453875	42.007836	42.391756
308	40.442032	41.440925	41.982177	42.377454
308.5	40.429299	41.432747	41.972639	42.368147
309	40.428844	41.407983	41.934943	42.336139
309.5	40.433619	41.399577	41.922681	42.313665
310	40.420431	41.388899	41.92972	42.310714
310.5	40.405196	41.374813	41.904286	42.289601
311	40.406788	41.35073	41.880214	42.271666
311.5	40.399966	41.327329	41.867724	42.259407
312	40.396556	41.305062	41.855006	42.241018
312.5	40.406106	41.295974	41.832977	42.214909
313	40.390189	41.287567	41.817079	42.198336
313.5	40.394964	41.282341	41.808222	42.177675
314	40.381775	41.262574	41.777107	42.163144
314.5	40.385414	41.25712	41.770067	42.149522
315	40.375408	41.241442	41.751443	42.120459
315.5	40.360855	41.236898	41.741449	42.127271
316	40.352897	41.214175	41.727822	42.112512
316.5	40.365403	41.204405	41.720554	42.078454
317	40.366313	41.192816	41.69784	42.068236
317.5	40.361765	41.179864	41.693752	42.04008
318	40.353579	41.167366	41.65105	42.040534
318.5	40.346302	41.155095	41.665587	42.023504
319	40.341527	41.132826	41.645372	42.015103
319.5	40.349713	41.121691	41.629244	41.981722
320	40.33516	41.119645	41.616297	41.978089
320.5	40.336979	41.110328	41.606984	41.959469
321	40.334477	41.098057	41.589039	41.9438
321.5	40.339708	41.083286	41.568595	41.933354
322	40.323335	41.076014	41.555647	41.921318
322.5	40.319924	41.044198	41.541563	41.919956
323	40.324017	41.046925	41.53134	41.894748
323.5	40.305825	41.029653	41.522708	41.87817
324	40.305597	41.005108	41.5009	41.860684
324.5	40.3106	41.009427	41.484316	41.841834
325	40.306052	41.008517	41.487951	41.827299
325.5	40.314466	40.986245	41.465461	41.818215
326	40.305597	40.976927	41.458645	41.80913
326.5	40.300595	40.945336	41.445469	41.785965
327	40.30628	40.944881	41.427976	41.786192
327.5	40.290589	40.931244	41.408892	41.78006
328	40.302869	40.928517	41.413209	41.768931
328.5	40.299912	40.92238	41.387536	41.744402
329	40.276489	40.881241	41.372769	41.726913
329.5	40.292408	40.892606	41.368679	41.715557
330	40.271486	40.903743	41.355956	41.690345
330.5	40.276944	40.882151	41.340734	41.691254
331	40.277172	40.883287	41.317786	41.666041
331.5	40.277854	40.873059	41.326647	41.649233
332	40.275807	40.857148	41.308925	41.636513
332.5	40.278991	40.84692	41.3012	41.611073
333	40.265346	40.843738	41.290748	41.613344
333.5	40.274443	40.825781	41.265527	41.591992
334	40.266938	40.817144	41.249168	41.582906
334.5	40.265801	40.810324	41.250304	41.579044
335	40.26148	40.797823	41.231444	41.552921
335.5	40.252384	40.790776	41.23917	41.541108
336	40.258524	40.771455	41.207359	41.521345
336.5	40.240558	40.786912	41.19736	41.51135
337	40.258751	40.76168	41.188953	41.50408
337.5	40.237602	40.761907	41.192816	41.482726
338	40.247153	40.74986	41.179864	41.460008
338.5	40.25534	40.74054	41.162139	41.465234
339	40.256022	40.735084	41.147369	41.468414
339.5	40.253748	40.728037	41.130326	41.440471
340	40.246471	40.703032	41.118055	41.427749
340.5	40.247153	40.70144	41.127372	41.40662
341	40.230779	40.683481	41.106465	41.404348
341.5	40.23601	40.687119	41.112601	41.381856
342	40.236692	40.680071	41.095103	41.391853
342.5	40.236237	40.678253	41.077604	41.388445
343	40.233281	40.664158	41.062833	41.37186
343.5	40.233508	40.663931	41.050788	41.357774
344	40.218726	40.649609	41.05647	41.346414
344.5	40.236237	40.641425	41.037153	41.335281
345	40.244197	40.636423	41.026017	41.309606
345.5	40.233963	40.625738	41.033744	41.314151
346	40.234645	40.629376	41.017608	41.312106
346.5	40.231006	40.605959	41.006018	41.293929
347	40.232598	40.59732	41.006018	41.292566
347.5	40.235555	40.592091	40.977382	41.271435
348	40.230097	40.597547	40.982382	41.256893
348.5	40.223502	40.587999	40.982382	41.24894
349	40.228277	40.570038	40.965791	41.246668
349.5	40.238739	40.57163	40.94579	41.235762
350	40.237374	40.565718	40.952836	41.20804
350.5	40.228732	40.565264	40.953972	41.217129
351	40.223956	40.551395	40.92829	41.198042
351.5	40.210766	40.537072	40.927381	41.188498
352	40.239421	40.550031	40.927153	41.194861
352.5	40.227823	40.530251	40.906925	41.174637
353	40.225094	40.533207	40.91488	41.159185
353.5	40.215769	40.526386	40.886696	41.167366
354	40.229642	40.525249	40.890106	41.138961
354.5	40.233508	40.515018	40.880787	41.135325
355	40.224411	40.513881	40.879878	41.125554
355.5	40.236692	40.497965	40.865104	41.129417
356	40.226686	40.488189	40.859421	41.110556
356.5	40.229415	40.487052	40.846238	41.09533
357	40.241013	40.489098	40.860103	41.086922
357.5	40.232371	40.477047	40.842829	41.08374
358	40.233735	40.470681	40.829418	41.081013
358.5	40.241468	40.463633	40.835555	41.068969
359	40.229187	40.470908	40.816916	41.060788
359.5	40.243969	40.468635	40.807824	41.057379
360	40.235327	40.466361	40.803733	41.054424
360.5	40.235782	40.442032	40.811006	41.038744
361	40.229187	40.439531	40.799641	41.026926
361.5	40.231916	40.440668	40.786684	41.022381
362	40.247835	40.423842	40.781456	41.018744
362.5	40.245561	40.416793	40.779183	41.014426
363	40.246016	40.416338	40.777592	40.9917
363.5	40.244652	40.421795	40.754179	41.007381
364	40.244652	40.410881	40.739858	41.002381
364.5	40.250337	40.395191	40.764635	40.990563
365	40.242377	40.404514	40.74645	40.985791
365.5	40.244652	40.409971	40.74304	40.971472
366	40.235555	40.402468	40.742358	40.974427
366.5	40.252838	40.385186	40.723945	40.946018
367	40.232371	40.401331	40.733947	40.949881
367.5	40.247835	40.384277	40.723945	40.948972
368	40.25011	40.378819	40.713261	40.931244
368.5	40.252384	40.372225	40.72781	40.921926
369	40.250792	40.373817	40.723036	40.929426
369.5	40.258524	40.356307	40.692574	40.921926
370	40.260343	40.356307	40.690301	40.915562
370.5	40.260571	40.342436	40.696894	40.897606
371	40.259433	40.353124	40.684618	40.895561
371.5	40.264209	40.345392	40.680299	40.897152
372	40.249427	40.339935	40.673933	40.881241