!cylinder dimension RxH [m]
0.0125	0.1
 
!initial temperature T0 [C]
850
 
!number of timeSteps
39
 
! times [s]
0	5	10	12	14	15	16	17	18	19	20	21	22	23	24	25	26	27	28	29	30	31	32	33	34	35	36	37	38	39	40	42	44	46	48	50	60	70	80	85
 
!z coordinates of thermocouples
0.0045	0.05	0.05	0.0955
 
!ta [C] - ambient temperature
40
 
!htc1, htc2, htc3 [W/(m^2K)]
0	27	57	84	87	72	115	316	1866	7125	7558	6259	5743	5359	5587	4967	5029	5936	5002	5563	4438	4528	4461	4527	4365	4653	4679	4708	4651	4709	4775	4431	4431	4766	4713	4778	4535	5145	2329	2329
0	3	50	87	96	99	54	135	54	65	556	425	733	562	958	1877	11429	32154	21773	15522	12717	10795	9121	8263	7735	6575	6422	5983	5108	6204	5376	6899	6079	6020	5864	6314	7756	11008	14952	8487
0	3	12	60	50	94	59	59	104	64	74	1400	3022	3924	4790	5102	4164	3730	3627	3275	3038	2875	2658	2566	2488	2292	2329	2215	2192	2478	2351	2292	2322	2383	2307	2542	2689	2815	1726	1726
