!cylinder dimension RxH [m]
0.0125	0.1
 
!initial temperature T0 [C]
850
 
!number of timeSteps
40
 
! times [s]
0	5	10	12	14	15	16	17	18	19	20	21	22	23	24	25	26	27	28	29	30	31	32	33	34	35	36	37	38	39	40	42	44	46	48	50	60	70	80	90	100
 
!z coordinates of thermocouples
0.0045	0.05	0.05	0.0955
 
!ta [C] - ambient temperature
40
 
!htc1, htc2, htc3 [W/(m^2K)]
0	13	65	62	107	69	115	235	520	682	732	1262	4825	6132	5864	5788	4876	4630	4393	4193	4083	4183	4103	4181	3883	3972	3877	4154	4105	4082	4165	4940	3841	3958	4056	4243	5553	3676	2048	2048	2048
0	0	44	86	98	54	136	95	54	359	454	469	437	302	392	523	407	448	373	553	2421	8663	9299	8202	7722	7309	7040	6589	6100	5683	5351	5066	4542	4482	4687	4707	6039	6642	7109	4215	1842
0	3	11	56	49	106	63	64	113	68	130	365	463	529	576	649	825	855	1038	1355	3859	4245	4242	3786	3503	3236	2997	2796	2623	2477	2335	2081	1938	1759	1923	2059	2522	2163	2046	1349	1168
