!#Experiment  Id= 2.3:
!Initial Temp=850 C
!Cylinder(50,150)
!Quenchant=Isorapid227HM
!time	t1	t2	t3	t4
0	845.625164	851.342551	850.733394	846.186565
0.5	845.452234	851.318634	850.762826	846.180593
1	845.19733	851.240674	850.752939	846.239394
1.5	844.961959	851.171224	850.765815	846.306465
2	844.590675	851.01853	850.773404	846.356769
2.5	844.223555	850.909302	850.785131	846.395818
3	843.759594	850.775703	850.756848	846.397426
3.5	843.123768	850.581405	850.743741	846.439691
4	842.480235	850.381139	850.811344	846.474377
4.5	841.69615	850.126394	850.824911	846.475755
5	840.709195	849.741317	850.78927	846.453703
5.5	839.519743	849.370297	850.758917	846.462203
6	838.251305	848.97012	850.757767	846.407763
6.5	836.876449	848.391873	850.799387	846.402709
7	835.51533	847.708928	850.82836	846.370321
7.5	834.134266	846.871714	850.841697	846.246285
8	832.691379	845.899387	850.784441	846.203562
8.5	831.360677	844.831994	850.74673	846.02854
9	829.839571	843.671215	850.755238	845.87236
9.5	828.612696	842.427224	850.778922	845.627305
10	827.153399	841.345802	850.82767	845.302579
10.5	825.789464	840.146767	850.780302	844.932182
11	824.459101	838.9295	850.752019	844.409366
11.5	823.085981	837.762787	850.695913	843.864347
12	821.749842	836.402986	850.625783	842.974195
12.5	820.634202	835.513268	850.63521	841.733623
13	819.429611	834.46065	850.579106	840.330103
13.5	818.222851	833.582563	850.450346	838.931179
14	815.596452	832.992235	850.352169	837.573521
14.5	805.738458	832.593387	850.197896	835.991974
15	779.999678	831.952608	850.098345	834.516842
15.5	738.095705	831.52868	849.955116	833.284944
16	695.947786	831.025378	849.766145	832.041272
16.5	659.060186	827.179008	849.571434	830.656539
17	627.64901	806.36689	849.463394	829.124477
17.5	601.770511	774.283507	849.367309	827.917934
18	580.19066	732.857248	849.290994	826.872236
18.5	561.621949	689.090407	849.187098	826.019497
19	545.041381	652.024757	849.071712	825.191154
19.5	530.1663	622.315921	848.963225	819.659985
20	517.412801	597.654455	848.767862	792.330027
20.5	506.856638	576.590254	848.536427	745.405851
21	496.486169	558.244837	848.235144	698.646715
21.5	485.802663	541.945365	847.747071	660.425803
22	475.724902	527.720382	847.054352	629.47945
22.5	466.739717	515.948362	846.130906	604.037526
23	458.912505	506.486247	844.898584	582.853312
23.5	451.788192	498.534089	843.370053	564.827195
24	445.273062	491.425699	841.516498	549.457667
24.5	439.160195	485.162178	839.171871	536.190107
25	433.810011	479.369987	836.381904	524.405879
25.5	428.403945	474.135853	833.147709	513.913677
26	423.641604	469.300831	829.511028	504.514264
26.5	419.146759	464.631146	825.544204	496.021675
27	414.610453	460.522191	821.210709	487.996454
27.5	410.375718	457.043433	816.563885	480.662962
28	406.160675	453.665066	811.649624	474.005433
28.5	401.930064	450.208666	806.468376	467.90255
29	398.315287	446.938528	801.01995	461.778216
29.5	394.301845	443.610238	795.402022	455.920784
30	390.476601	440.631613	789.602757	450.603521
30.5	387.139887	437.557856	783.619904	445.71976
31	383.867297	434.794617	777.559965	441.112903
31.5	380.377983	432.093694	771.382134	436.594464
32	376.614297	429.419518	765.115484	432.304429
32.5	373.26136	426.838377	758.836191	428.398966
33	370.316493	424.745728	752.492774	424.61356
33.5	367.424237	422.75901	746.143124	421.051122
34	364.305688	420.696746	739.79661	417.341809
34.5	360.689189	418.187693	733.425156	414.037585
35	357.337231	415.806103	727.124239	411.192771
35.5	354.22731	413.610195	720.830075	408.055661
36	350.640046	411.593996	714.568627	404.635033
36.5	347.112922	409.56633	708.309818	401.652544
37	343.872426	407.816391	702.119362	398.709363
37.5	341.29568	406.029802	695.987331	395.930258
38	339.162199	404.149666	689.932027	393.125802
38.5	336.678131	402.289436	683.940194	390.059819
39	333.466902	400.550136	678.024986	387.346386
39.5	330.494396	398.896579	672.177826	385.189607
40	327.697578	396.860597	666.400783	383.160147
40.5	325.004133	394.598762	660.762807	381.09819
41	322.470433	392.477192	655.188803	378.81273
41.5	319.199828	390.238245	649.684609	376.013522
42	315.55828	388.013735	644.214656	373.971263
42.5	312.377787	385.861605	638.871749	372.402892
43	309.448305	383.636873	633.557599	370.399436
43.5	307.014161	381.665543	628.317223	368.51841
44	304.907173	379.892095	623.139757	366.361297
44.5	302.759433	378.253841	618.047936	363.649058
45	300.408245	376.49608	612.980471	361.241072
45.5	298.452436	375.219029	608.007047	358.926813
46	296.454964	374.065092	603.092944	357.122632
46.5	294.499634	372.644268	598.266357	355.123907
47	292.56128	371.303573	593.504231	353.1215
47.5	290.24498	370.08427	588.783557	351.458458
48	287.606836	368.340581	584.125105	349.657447
48.5	285.521208	366.442814	579.482502	347.936207
49	283.828978	364.294377	574.899704	346.332815
49.5	281.899086	362.379323	570.444665	344.782632
50	280.186009	360.255165	566.031703	343.153774
50.5	278.724774	358.74519	561.722449	341.570117
51	277.259989	357.22135	557.510364	340.100683
51.5	275.606109	355.188678	553.31815	338.131542
52	274.144042	353.28158	549.224939	335.961088
52.5	272.69109	351.242646	545.197586	334.279752
53	271.199376	349.532032	541.208634	332.730961
53.5	269.233452	348.023053	537.303606	330.673483
54	267.488907	346.574433	533.397587	328.085753
54.5	266.104041	344.945135	529.571739	326.518441
55	264.66261	343.197972	525.828584	325.687966
55.5	263.201169	341.04667	522.113145	324.535514
56	261.74793	338.803133	518.431864	322.938056
56.5	260.064184	337.12016	514.809142	321.307006
57	258.220626	335.929612	511.209215	320.186778
57.5	256.473345	334.74595	507.658692	319.100686
58	254.434247	333.542659	504.161223	317.893407
58.5	252.571329	332.450764	500.707757	316.614919
59	251.0345	331.298025	497.36291	315.083314
59.5	249.344095	329.679944	494.019277	313.542866
60	247.496344	328.268123	490.684781	311.818955
60.5	245.952952	326.644646	487.435515	310.161025
61	244.446652	324.762428	484.180554	308.774352
61.5	242.906546	322.675858	480.97302	307.585047
62	241.581724	320.78561	477.803331	306.527391
62.5	240.032646	319.072682	474.700722	305.08979
63	238.435403	317.524291	471.596888	303.504433
63.5	236.871893	315.6985	468.532464	301.988153
64	235.312468	313.87818	465.516934	300.174769
64.5	233.67853	312.04317	462.534331	298.196348
65	232.006404	310.297107	459.590989	296.553962
65.5	230.460176	308.63135	456.669344	294.958176
66	228.903809	306.721212	453.763856	293.301914
66.5	226.78165	305.298264	450.914101	292.030691
67	224.512135	303.910862	448.072032	290.787527
67.5	223.015415	302.537045	445.270213	289.137258
68	221.975968	300.872373	442.486001	287.459421
68.5	220.978318	299.591427	439.770187	285.632764
69	219.769731	298.572869	437.046858	284.223758
69.5	218.453129	296.959902	434.36244	283.156921
70	217.372751	295.370397	431.705706	281.646721
70.5	216.255607	294.095547	429.074423	280.017381
71	215.098423	292.975927	426.450555	278.194661
71.5	213.910918	291.573502	423.849657	276.506745
72	212.537974	290.19271	421.30468	275.258192
72.5	211.020288	289.056947	418.755631	274.220729
73	209.250129	287.83775	416.234148	273.304146
73.5	207.706823	286.340081	413.751905	272.02199
74	206.768724	285.07026	411.299246	270.565733
74.5	205.683458	284.255973	408.845143	269.40364
75	204.411855	283.198184	406.440919	268.310288
75.5	203.192991	281.579523	404.043654	267.199841
76	202.100926	279.584651	401.688412	265.717225
76.5	201.012615	277.834506	399.356057	264.256212
77	199.623558	276.236039	397.049266	263.029088
77.5	198.334812	274.866119	394.789047	261.939391
78	197.126194	273.512448	392.496846	260.890897
78.5	195.999155	272.351535	390.281985	259.789254
79	195.172477	271.242496	388.061468	258.670889
79.5	194.473159	270.352266	385.855857	257.648538
80	193.48444	268.847072	383.685302	256.346441
80.5	192.499367	267.273875	381.50074	255.026016
81	191.50537	265.798129	379.35771	253.919979
81.5	190.510846	264.641219	377.220845	252.80129
82	189.718546	263.657455	375.140423	251.662838
82.5	189.018503	262.708126	373.05338	250.513523
83	188.150418	261.305857	370.975005	249.457328
83.5	186.984943	259.754974	368.897554	248.247336
84	185.883076	257.889716	366.891311	247.057125
84.5	184.911019	256.543225	364.886932	246.040427
85	183.913572	255.737649	362.889966	245.08686
85.5	182.967651	254.866206	360.909298	244.269275
86	182.273668	253.897729	358.943387	243.405249
86.5	181.520284	252.716584	356.99158	242.490366
87	180.351935	251.529115	355.043005	241.614663
87.5	179.2347	250.124875	353.127648	240.871755
88	178.431608	248.722078	351.227315	240.065146
88.5	177.694733	247.297343	349.32312	238.899828
89	176.900841	246.422039	347.460627	237.638883
89.5	176.106549	245.32246	345.593834	236.265588
90	175.344703	244.378474	343.767437	234.997084
90.5	174.265061	243.152084	341.939631	234.052089
91	173.206766	242.053055	340.153137	233.35395
91.5	172.285755	240.801792	338.332064	232.551595
92	171.551558	239.493984	336.597738	231.79583
92.5	170.807213	237.967283	334.830156	230.987224
93	169.992456	236.82722	333.076067	230.136582
93.5	169.194576	235.830157	331.37136	229.160723
94	168.279113	234.901835	329.638025	227.91464
94.5	167.428017	233.783203	327.923083	226.444442
95	166.74544	232.754497	326.237692	225.103466
95.5	166.009956	231.648084	324.548834	223.889132
96	165.274135	230.820967	322.875022	222.833554
96.5	164.480573	229.765003	321.232782	221.855637
97	163.672298	228.959937	319.614982	220.82251
97.5	162.991045	228.24959	318.007328	219.771891
98	162.31317	227.262421	316.387232	218.991636
98.5	161.425946	226.501239	314.807901	218.311569
99	160.520377	225.361045	313.232218	217.396941
99.5	159.748049	224.234277	311.648981	216.419438
100	158.873106	223.257978	310.078318	215.620994
100.5	158.003046	222.38716	308.543753	214.830026
101	157.15573	221.480889	306.977179	214.081588
101.5	156.435944	220.648708	305.433925	213.44721
102	155.64842	219.521795	303.954157	212.867285
102.5	154.803645	218.56416	302.439198	212.269158
103	154.101137	217.676962	300.933892	211.615896
103.5	153.48474	216.597723	299.463844	211.048469
104	152.814996	215.642264	297.992906	210.437055
104.5	152.129913	214.763353	296.5404	209.775825
105	151.388545	213.880976	295.106338	208.943213
105.5	150.720044	213.005119	293.657426	208.148097
106	150.255276	212.25817	292.231232	207.432346
106.5	149.839629	211.023076	290.787004	206.743455
107	149.310285	210.048991	289.383299	205.948884
107.5	148.741527	209.184132	287.9771	205.009276
108	148.165973	208.557801	286.604938	203.895476
108.5	147.399713	207.577802	285.224873	202.828214
109	146.470888	206.393897	283.863754	201.865946
109.5	145.55122	205.596245	282.485002	200.927032
110	144.737162	204.933839	281.156393	199.968189
110.5	143.98477	204.341834	279.816707	199.090234
111	143.25778	203.825373	278.459129	198.124149
111.5	142.52159	203.257907	277.165582	197.179368
112	141.703394	202.68922	275.869788	196.262661
112.5	140.8003	202.054381	274.564485	195.438336
113	140.049105	201.338244	273.288881	194.777939
113.5	139.533887	200.750516	271.992196	194.068578
114	139.166087	200.108492	270.726602	193.247806
114.5	138.738761	199.387713	269.476924	192.495947
115	138.217215	198.641245	268.21819	191.86824
115.5	137.707076	197.849292	266.978799	191.277324
116	137.25685	196.906574	265.740808	190.583158
116.5	136.543327	196.17268	264.519466	189.798318
117	135.881764	195.490205	263.299082	188.977097
117.5	135.273717	194.761092	262.085581	188.227865
118	134.737963	194.034955	260.871449	187.631731
118.5	134.146356	193.199736	259.684506	187.12648
119	133.465679	192.387761	258.495588	186.492815
119.5	132.925862	191.81271	257.321811	185.78224
120	132.570123	191.077787	256.128481	185.11781
120.5	132.171577	190.264071	254.965614	184.528194
121	131.822406	189.363633	253.808106	183.912016
121.5	131.431817	188.511871	252.677469	183.359002
122	130.891918	187.784768	251.52614	182.80553
122.5	130.397305	186.860028	250.397365	182.168645
123	129.82314	186.116128	249.257045	181.513135
123.5	129.205439	185.407651	248.169798	180.873027
124	128.75615	184.8721	247.055675	180.29469
124.5	128.336032	184.344243	245.954787	179.772528
125	127.973658	183.756033	244.877711	179.131327
125.5	127.658929	183.183446	243.780857	178.377633
126	127.145786	182.385291	242.708077	177.612341
126.5	126.52354	181.704841	241.648603	176.886007
127	125.863818	181.136263	240.580845	176.191174
127.5	125.256648	180.512246	239.541829	175.492204
128	124.752434	179.761735	238.532975	174.827527
128.5	124.232161	178.990295	237.464311	174.173853
129	123.749011	178.024376	236.443781	173.491831
129.5	123.248203	177.404937	235.429977	172.865288
130	122.759857	177.131687	234.417378	172.30748
130.5	122.304709	176.880808	233.409448	171.70922
131	121.853557	176.553067	232.408274	171.036074
131.5	121.495956	175.92464	231.415253	170.392563
132	121.194709	175.323509	230.433398	169.772863
132.5	120.931105	174.7513	229.470348	169.172082
133	120.668679	174.040582	228.511112	168.653495
133.5	120.391946	173.462884	227.529352	168.080531
134	120.131425	172.876621	226.589549	167.526708
134.5	119.679935	172.139095	225.64735	166.946207
135	119.135708	171.374657	224.687258	166.346017
135.5	118.70746	170.72366	223.78192	165.756606
136	118.340734	170.203057	222.831397	165.19494
136.5	117.862653	169.484023	221.898168	164.571293
137	117.397664	168.735544	221.006344	164.034194
137.5	116.896663	167.901113	220.088777	163.40074
138	116.334914	167.014737	219.180908	162.800615
138.5	115.789476	166.275953	218.273013	162.221957
139	115.345256	165.476386	217.372983	161.692165
139.5	114.917041	164.74252	216.499847	161.222131
140	114.490748	163.961148	215.608392	160.705029
140.5	114.01033	163.257073	214.727152	160.075186
141	113.652541	162.657667	213.859854	159.427361
141.5	113.316146	162.005404	213.008602	158.849512
142	113.013832	161.542759	212.128129	158.330699
142.5	112.668717	161.126385	211.276025	157.837953
143	112.223932	160.636694	210.406082	157.330212
143.5	111.864242	160.142431	209.576849	156.828354
144	111.486045	159.598341	208.730719	156.369244
144.5	110.976321	158.988669	207.886516	155.900933
145	110.47014	158.488858	207.070983	155.394224
145.5	109.924938	157.998407	206.246469	154.886447
146	109.407059	157.425231	205.425768	154.43159
146.5	108.863536	156.803235	204.606558	154.042601
147	108.333973	156.25162	203.779076	153.63421
147.5	107.918528	155.655142	203.00126	153.226577
148	107.539802	154.885678	202.202858	152.731249
148.5	107.229417	154.315902	201.405277	152.295743
149	106.88993	153.803229	200.600608	151.818416
149.5	106.400924	153.401129	199.830526	151.227784
150	105.924695	152.956249	199.048482	150.526705
150.5	105.573022	152.585766	198.266352	149.861906
151	105.303157	152.166721	197.514183	149.228043
151.5	104.955211	151.643822	196.742379	148.613765
152	104.565569	151.157824	195.977959	148.026225
152.5	104.136963	150.530563	195.233973	147.471412
153	103.708452	149.909245	194.474557	146.935212
153.5	103.340715	149.247853	193.729764	146.424543
154	102.986129	148.636807	192.999135	145.894364
154.5	102.712563	148.12807	192.274057	145.401708
155	102.494504	147.639777	191.533098	144.951396
155.5	102.215819	147.285351	190.814242	144.609627
156	101.973242	146.954079	190.082075	144.259145
156.5	101.762025	146.499525	189.37878	143.893035
157	101.40997	146.152436	188.658921	143.470944
157.5	101.046709	145.719285	187.942774	143.064156
158	100.743891	145.29776	187.229646	142.627477
158.5	100.508696	144.865932	186.53632	142.183744
159	100.338624	144.540098	185.841127	141.76292
159.5	100.126672	144.215697	185.161782	141.330202
160	99.785253	143.852132	184.462399	140.935582
160.5	99.374765	143.439504	183.780503	140.580191
161	99.040669	143.022346	183.084404	140.227396
161.5	98.799809	142.756276	182.412323	139.846575
162	98.523191	142.520437	181.742125	139.393553
162.5	98.157495	142.191276	181.03653	138.830644
163	97.820434	141.871846	180.381061	138.320575
163.5	97.518516	141.454773	179.734241	137.907924
164	97.272647	140.895659	179.062987	137.560896
164.5	97.081909	140.433649	178.398759	137.198067
165	96.814272	140.022627	177.755303	136.79508
165.5	96.485504	139.552762	177.101171	136.379999
166	96.192529	139.1387	176.480393	135.97282
166.5	95.87756	138.606924	175.81424	135.587782
167	95.592078	138.066551	175.202403	135.169751
167.5	95.340567	137.687529	174.578737	134.736659
168	95.123241	137.298235	173.962109	134.252248
168.5	94.978742	136.841208	173.340179	133.791831
169	94.826612	136.37418	172.712021	133.330612
169.5	94.60686	135.984005	172.109065	132.989934
170	94.316358	135.656853	171.493832	132.587627
170.5	94.03465	135.230079	170.892395	132.196185
171	93.783295	134.776308	170.294514	131.817436
171.5	93.580478	134.271227	169.684133	131.425703
172	93.359934	133.705471	169.074056	131.08355
172.5	93.133571	133.064185	168.50174	130.738255
173	92.887692	132.443075	167.882505	130.412039
173.5	92.729622	131.975088	167.324054	130.062751
174	92.583686	131.57759	166.725441	129.810162
174.5	92.426981	131.113266	166.159461	129.562187
175	92.282633	130.724206	165.575888	129.280825
175.5	92.090254	130.29423	164.982168	129.018505
176	91.888911	129.909013	164.402481	128.722354
176.5	91.616211	129.557305	163.837054	128.366078
177	91.31773	129.128527	163.27566	128.009188
177.5	90.991007	128.690242	162.715513	127.651913
178	90.692366	128.231247	162.150341	127.350962
178.5	90.406317	127.867522	161.583168	127.063323
179	90.168525	127.49907	161.039308	126.766588
179.5	89.897106	127.038557	160.477658	126.475389
180	89.698828	126.573138	159.920049	126.194521
180.5	89.491815	126.091162	159.390385	125.939746
181	89.230097	125.743875	158.83389	125.629725
181.5	88.993291	125.484826	158.297215	125.259234
182	88.761883	125.203205	157.762489	124.898413
182.5	88.501344	124.888292	157.237598	124.521687
183	88.275127	124.55426	156.69564	124.187725
183.5	88.105417	124.241519	156.175808	123.892395
184	87.948494	123.929977	155.652824	123.627235
184.5	87.782611	123.572856	155.122984	123.363028
185	87.619426	123.20121	154.601354	123.042064
185.5	87.46499	122.868417	154.083994	122.680111
186	87.268647	122.517218	153.581557	122.298854
186.5	87.07254	122.17863	153.048646	121.940477
187	86.883614	121.869057	152.551499	121.647129
187.5	86.674978	121.565921	152.033382	121.382315
188	86.395319	121.232533	151.550086	121.103644
188.5	86.132037	120.993072	151.025926	120.783786
189	85.884904	120.784169	150.532646	120.472643
189.5	85.682817	120.489652	150.049178	120.148577
190	85.468866	120.149642	149.538288	119.83459
190.5	85.266127	119.844989	149.05872	119.547065
191	85.016133	119.462542	148.552665	119.313985
191.5	84.85239	119.171439	148.081847	119.09277
192	84.660206	118.805069	147.593565	118.835177
192.5	84.433315	118.339369	147.119709	118.54327
193	84.210466	117.903587	146.609922	118.222298
193.5	84.012934	117.449955	146.157054	117.843397
194	83.775324	117.080089	145.683501	117.463897
194.5	83.535934	116.735528	145.202894	117.119941
195	83.331039	116.323327	144.7427	116.842189
195.5	83.145409	115.809464	144.2653	116.584252
196	82.90045	115.572121	143.811534	116.34294
196.5	82.682594	115.39158	143.344259	116.089848
197	82.471686	115.086634	142.885157	115.82521
197.5	82.312055	114.74633	142.431226	115.526319
198	82.177055	114.360475	141.976474	115.227707
198.5	82.038028	114.097008	141.548088	114.930282
199	81.796026	113.821557	141.0675	114.604535
199.5	81.591641	113.536621	140.626639	114.294508
200	81.377189	113.315012	140.172059	113.989981
200.5	81.151775	113.093884	139.739221	113.715227
201	80.85698	112.919496	139.290137	113.403998
201.5	80.538247	112.624052	138.844836	113.030459
202	80.257128	112.240252	138.411599	112.688515
202.5	79.921409	111.971665	137.980299	112.365907
203	79.646577	111.734844	137.558982	112.109766
203.5	79.447844	111.531588	137.116607	111.837573
204	79.315581	111.257218	136.700766	111.560437
204.5	79.138114	110.828868	136.284097	111.285836
205	78.929992	110.548945	135.862924	111.006294
205.5	78.788113	110.310728	135.436793	110.745594
206	78.637732	109.943728	135.035789	110.480177
206.5	78.488471	109.612563	134.621784	110.201667
207	78.298038	109.348219	134.217283	109.914598
207.5	78.129314	108.993858	133.827558	109.656999
208	78.008478	108.672821	133.400057	109.377033
208.5	77.848707	108.412685	133.004771	109.144854
209	77.645752	108.179951	132.597415	108.900261
209.5	77.457791	107.927121	132.209181	108.640771
210	77.300935	107.610114	131.815299	108.348973
210.5	77.168246	107.261742	131.43113	108.090919
211	77.010496	106.883828	131.006255	107.845562
211.5	76.822541	106.538077	130.635774	107.616744
212	76.657634	106.301511	130.260102	107.349975
212.5	76.422246	106.042837	129.871457	107.121218
213	76.210353	105.836601	129.488392	106.844577
213.5	75.995105	105.63513	129.103578	106.609102
214	75.794849	105.413808	128.698709	106.317851
214.5	75.64337	105.161126	128.333057	106.052172
215	75.490774	104.913444	127.965652	105.768686
215.5	75.278436	104.663085	127.591004	105.493825
216	75.072363	104.415016	127.208892	105.239551
216.5	74.918648	104.136738	126.853152	104.990505
217	74.760904	103.95959	126.46343	104.787769
217.5	74.529099	103.843607	126.11287	104.555484
218	74.298635	103.665132	125.732681	104.320745
218.5	74.068394	103.446291	125.366508	104.06437
219	73.895209	103.204693	125.02713	103.850674
219.5	73.760732	102.989286	124.644668	103.641514
220	73.630953	102.829382	124.292193	103.432828
220.5	73.517284	102.630478	123.94869	103.263865
221	73.374302	102.391684	123.591338	103.065594
221.5	73.243179	102.091371	123.25231	102.882679
222	73.078042	101.86301	122.890997	102.67926
222.5	72.913128	101.652255	122.532724	102.493449
223	72.732325	101.368728	122.170194	102.304949
223.5	72.519744	101.114309	121.839652	102.122555
224	72.365564	100.886733	121.490259	101.947841
224.5	72.229733	100.658505	121.165317	101.745643
225	72.182963	100.396739	120.811505	101.529041
225.5	72.119858	100.159106	120.503317	101.309081
226	72.040864	99.994017	120.138712	101.040473
226.5	71.918904	99.824662	119.80196	100.768971
227	71.797389	99.631902	119.475517	100.505389
227.5	71.698252	99.3894	119.146177	100.232605
228	71.604261	99.125539	118.808027	99.959181
228.5	71.455889	98.904704	118.494968	99.737585
229	71.315346	98.691093	118.16013	99.526144
229.5	71.169878	98.492583	117.841504	99.306619
230	71.042536	98.226804	117.520436	99.066405
230.5	70.850512	97.940582	117.203065	98.85593
231	70.684446	97.678919	116.892799	98.655604
231.5	70.557992	97.399965	116.559183	98.437291
232	70.448545	97.184699	116.247215	98.228677
232.5	70.334845	97.059867	115.960972	98.007481
233	70.226963	96.910078	115.640254	97.803632
233.5	70.138999	96.726566	115.343439	97.603176
234	70.102739	96.579722	115.02102	97.385641
234.5	70.040739	96.367905	114.722949	97.192194
235	69.942477	96.162627	114.416532	97.010459
235.5	69.818024	95.91263	114.118338	96.820192
236	69.711253	95.606464	113.825187	96.645232
236.5	69.580977	95.298988	113.511896	96.486251
237	69.467711	95.016945	113.238578	96.349315
237.5	69.373022	94.819421	112.941719	96.193951
238	69.276093	94.636069	112.619064	96.037248
238.5	69.195953	94.406223	112.354046	95.851106
239	69.092305	94.125404	112.078415	95.686558
239.5	68.989328	93.842819	111.765663	95.483137
240	68.901124	93.64067	111.492842	95.296363
240.5	68.793442	93.436741	111.194465	95.068254
241	68.694489	93.256406	110.936682	94.883535
241.5	68.540907	93.07092	110.641795	94.700178
242	68.336946	92.939111	110.366883	94.509645
242.5	68.136111	92.810228	110.075713	94.301153
243	67.924297	92.620506	109.806546	94.089983
243.5	67.72076	92.43641	109.525651	93.861759
244	67.485864	92.231001	109.257472	93.643213
244.5	67.33762	92.049625	108.982093	93.426707
245	67.180638	91.857936	108.725984	93.21426
245.5	67.048286	91.681522	108.442768	93.017549
246	66.968783	91.433752	108.159823	92.818158
246.5	66.872705	91.170072	107.891619	92.674013
247	66.783345	90.949496	107.646968	92.52112
247.5	66.694878	90.778522	107.385168	92.382379
248	66.589164	90.584001	107.115042	92.198748
248.5	66.476504	90.407439	106.854222	91.998295
249	66.349281	90.218999	106.595019	91.792918
249.5	66.209064	90.0862	106.32659	91.59586
250	66.105577	90.003652	106.062265	91.364031
250.5	66.023592	89.887012	105.792556	91.116064
251	65.93623	89.723051	105.552019	90.896166
251.5	65.810783	89.588031	105.283511	90.662598
252	65.688468	89.422291	105.038297	90.438471
252.5	65.58788	89.266203	104.785213	90.274929
253	65.484601	89.064376	104.52223	90.084477
253.5	65.394538	88.797311	104.294943	89.921403
254	65.286325	88.461211	104.042182	89.749365
254.5	65.165786	88.122455	103.786971	89.57801
255	65.043002	87.820046	103.550971	89.379976
255.5	64.846718	87.577734	103.300787	89.182179
256	64.654905	87.360093	103.042064	89.007042
256.5	64.50835	87.242649	102.81585	88.87093
257	64.3963	87.138655	102.561024	88.739309
257.5	64.287608	87.00665	102.315699	88.621369
258	64.210961	86.913869	102.070856	88.477202
258.5	64.129382	86.782992	101.834382	88.32497
259	64.045336	86.641812	101.597034	88.166019
259.5	63.93977	86.471058	101.376165	88.035994
260	63.835098	86.296726	101.11814	87.849932
260.5	63.718318	86.121506	100.889436	87.666794
261	63.590326	85.958617	100.649043	87.470217
261.5	63.453587	85.81657	100.424446	87.287322
262	63.343967	85.660189	100.193116	87.136038
262.5	63.275816	85.56251	99.966315	86.957642
263	63.168432	85.435711	99.741115	86.785305
263.5	63.13301	85.264783	99.504906	86.620595
264	63.094897	85.062278	99.274801	86.463511
264.5	63.043107	84.928997	99.038418	86.287163
265	62.979659	84.773992	98.818942	86.135246
265.5	62.893563	84.620785	98.612092	86.003948
266	62.826748	84.506331	98.360477	85.863467
266.5	62.713518	84.349773	98.141744	85.72456
267	62.623154	84.177543	97.929332	85.592379
267.5	62.534582	84.018309	97.682519	85.440263
268	62.460359	83.888865	97.475099	85.309211
268.5	62.403625	83.755841	97.24498	85.192499
269	62.369539	83.612072	97.03895	85.057422
269.5	62.294414	83.461813	96.812923	84.928621
270	62.2231	83.280209	96.589391	84.759281
270.5	62.125544	83.102418	96.381171	84.602491
271	62.034714	82.939186	96.174992	84.419725
271.5	61.941862	82.793424	95.953095	84.282431
272	61.841605	82.704984	95.76696	84.09699
272.5	61.776784	82.59617	95.5451	83.944253
273	61.696933	82.476836	95.313372	83.735758
273.5	61.619771	82.278697	95.133129	83.567357
274	61.527353	82.09534	94.923687	83.390452
274.5	61.432016	81.949823	94.705049	83.233481
275	61.357987	81.710062	94.518784	83.088159
275.5	61.281489	81.5115	94.283782	82.938139
276	61.172458	81.334209	94.090135	82.772002
276.5	61.030441	81.180875	93.901445	82.576539
277	60.852292	81.077236	93.684018	82.432578
277.5	60.716765	80.933084	93.510629	82.295784
278	60.598734	80.852727	93.304464	82.174217
278.5	60.469926	80.735886	93.101908	82.020862
279	60.322484	80.588831	92.897122	81.880048
279.5	60.175706	80.436631	92.71907	81.748415
280	60.068647	80.264066	92.528906	81.588131
280.5	59.949911	80.104262	92.334041	81.445759
281	59.808723	79.900595	92.125272	81.295332
281.5	59.69581	79.661124	91.941209	81.158562
282	59.613424	79.488127	91.752894	81.038583
282.5	59.511054	79.308867	91.561898	80.924874
283	59.457398	79.155122	91.355206	80.780948
283.5	59.397903	78.989295	91.18376	80.644188
284	59.332794	78.921264	90.996168	80.498478
284.5	59.27352	78.825708	90.788843	80.330165
285	59.173156	78.752307	90.615186	80.210199
285.5	59.086485	78.671299	90.422021	80.053977
286	59.011262	78.567689	90.242777	79.923048
286.5	58.897412	78.450653	90.042458	79.789883
287	58.818366	78.283717	89.870862	79.624941
287.5	58.754812	78.056812	89.681109	79.439412
288	58.661162	77.887419	89.500786	79.283874
288.5	58.59693	77.758753	89.328772	79.131025
289	58.52214	77.624495	89.136808	78.998766
289.5	58.455433	77.496278	88.95091	78.881279
290	58.382884	77.400732	88.782512	78.770953
290.5	58.306739	77.292879	88.612777	78.64944
291	58.227895	77.171602	88.421976	78.525019
291.5	58.144107	77.004007	88.240153	78.412012
292	58.064359	76.696567	88.073135	78.329886
292.5	57.992021	76.448648	87.900746	78.239258
293	57.912043	76.24481	87.717157	78.155343
293.5	57.835656	76.102729	87.540077	78.087093
294	57.734103	76.017032	87.361438	77.996019
294.5	57.65726	75.882782	87.188858	77.900022
295	57.564012	75.757706	87.032423	77.805816
295.5	57.467613	75.661718	86.844844	77.687221
296	57.375929	75.543578	86.666686	77.567507
296.5	57.298624	75.402169	86.487192	77.448241
297	57.216821	75.272171	86.326528	77.318236
297.5	57.154118	75.140159	86.161613	77.181967
298	57.086468	75.019335	85.987968	77.067626
298.5	57.001285	74.927374	85.819482	76.937847
299	56.922842	74.867409	85.642938	76.797105
299.5	56.853836	74.792005	85.506279	76.667104
300	56.791571	74.627773	85.313395	76.545605
300.5	56.756055	74.495089	85.165321	76.438652
301	56.727281	74.376501	84.96954	76.284934
301.5	56.665912	74.280064	84.821031	76.148893
302	56.62275	74.183627	84.659086	76.005693
302.5	56.562726	74.120976	84.505211	75.876365
303	56.468078	73.989857	84.329392	75.754198
303.5	56.365331	73.850681	84.161866	75.592875
304	56.270224	73.693829	84.011366	75.466009
304.5	56.186355	73.540331	83.864902	75.337354
305	56.116873	73.440311	83.705454	75.207356
305.5	56.048288	73.341186	83.537278	75.095929
306	55.990046	73.210733	83.377168	74.969958
306.5	55.923705	73.111383	83.227363	74.84891
307	55.85174	72.99167	83.050022	74.75583
307.5	55.806761	72.840852	82.901346	74.653352
308	55.755933	72.71778	82.750659	74.572579
308.5	55.730518	72.606119	82.606021	74.454886
309	55.661919	72.49938	82.452656	74.340325
309.5	55.625257	72.416137	82.284741	74.199809
310	55.544959	72.334907	82.120862	74.05974
310.5	55.494573	72.225481	81.982956	73.91788
311	55.461282	72.142236	81.850873	73.786759
311.5	55.394473	72.054067	81.676259	73.681147
312	55.330361	71.965898	81.529185	73.569716
312.5	55.252074	71.843041	81.378979	73.451124
313	55.189532	71.702952	81.229673	73.346181
313.5	55.108315	71.553909	81.088204	73.256229
314	55.041493	71.415158	80.93286	73.140544
314.5	54.949693	71.316018	80.769909	73.025978
315	54.909417	71.198077	80.649936	72.929983
315.5	54.860589	71.064692	80.492139	72.871804
316	54.81266	70.921906	80.352251	72.804674
316.5	54.754153	70.784713	80.211022	72.744033
317	54.714098	70.655798	80.074495	72.653183
317.5	54.647486	70.514795	79.921186	72.563451
318	54.59325	70.390353	79.775488	72.451789
318.5	54.526184	70.322983	79.61614	72.342364
319	54.497827	70.239945	79.482756	72.253973
319.5	54.432108	70.162277	79.340422	72.153273
320	54.395871	70.054168	79.208832	72.064881
320.5	54.345904	69.976275	79.070306	71.96776
321	54.266223	69.897486	78.936258	71.889213
321.5	54.215577	69.794522	78.790798	71.797237
322	54.13544	69.714835	78.655634	71.727416
322.5	54.063629	69.641639	78.510401	71.636335
323	54.013428	69.522106	78.395828	71.554428
323.5	53.941386	69.427642	78.25485	71.450142
324	53.88893	69.302284	78.102014	71.343616
324.5	53.843451	69.199758	77.959473	71.244922
325	53.760595	69.072382	77.847812	71.11042
325.5	53.699802	69.004551	77.703036	71.003219
326	53.635628	68.93269	77.566987	70.895569
326.5	53.562445	68.880976	77.438324	70.766208
327	53.489485	68.818963	77.301606	70.671984
327.5	53.435438	68.738145	77.17742	70.523596
328	53.368327	68.645684	77.042941	70.407883
328.5	53.309546	68.518071	76.92972	70.265085
329	53.255944	68.424934	76.774881	70.161902
329.5	53.191754	68.29978	76.639062	70.061627
330	53.130714	68.184249	76.519578	69.95486
330.5	53.091072	68.087749	76.398304	69.83578
331	53.015387	67.979379	76.249733	69.749154
331.5	53.002322	67.895189	76.12488	69.618431
332	52.974615	67.79913	76.014347	69.495764
332.5	52.943979	67.741136	75.872042	69.37869
333	52.920777	67.65963	75.758377	69.260048
333.5	52.893068	67.548787	75.617415	69.13894
334	52.834046	67.422043	75.505541	69.017383
334.5	52.797325	67.284547	75.360328	68.920897
335	52.729963	67.17504	75.237714	68.822394
335.5	52.688282	67.066873	75.11577	68.725904
336	52.632407	66.943252	74.999868	68.664338
336.5	52.570896	66.8362	74.86987	68.592472
337	52.510059	66.727801	74.754192	68.519934
337.5	52.477162	66.615145	74.652162	68.451201
338	52.450798	66.499126	74.515227	68.369034
338.5	52.40866	66.351521	74.387017	68.288209
339	52.395139	66.227879	74.277155	68.216787
339.5	52.339253	66.149705	74.149169	68.142229
340	52.311761	66.048457	74.039306	68.086701
340.5	52.287197	66.005	73.917137	67.99199
341	52.211024	65.89994	73.78087	67.915189
341.5	52.16257	65.780092	73.68376	67.824281
342	52.124706	65.707734	73.544359	67.727549
342.5	52.054837	65.634702	73.441878	67.627233
343	52.009984	65.612971	73.32418	67.478098
343.5	51.954986	65.54397	73.208048	67.3518
344	51.908102	65.487514	73.080951	67.247221
344.5	51.817033	65.349282	72.979586	67.127187
345	51.776006	65.21911	72.839285	66.999984
345.5	51.695976	65.135538	72.732325	66.914209
346	51.593172	65.058462	72.628944	66.817907
346.5	51.512232	64.932986	72.50766	66.721378
347	51.45902	64.82812	72.403158	66.625967
347.5	51.417983	64.748124	72.272474	66.519356
348	51.351465	64.683588	72.169761	66.443875
348.5	51.311778	64.59597	72.046011	66.362345
349	51.253825	64.500058	71.922484	66.303436
349.5	51.226764	64.414901	71.825586	66.228175
350	51.169935	64.35372	71.714812	66.160305
350.5	51.144	64.293659	71.596653	66.103185
351	51.105436	64.232701	71.493485	66.025008
351.5	51.071832	64.153363	71.376442	65.960495
352	51.003043	64.080748	71.269916	65.888812
352.5	50.94598	63.981683	71.153765	65.80055
353	50.850795	63.931253	71.047236	65.701533
353.5	50.772523	63.887995	70.93153	65.61954
354	50.701239	63.821426	70.821417	65.517382
354.5	50.633111	63.743199	70.724508	65.41679
355	50.578064	63.649728	70.61305	65.338376
355.5	50.555053	63.565445	70.498457	65.271386
356	50.500906	63.463674	70.398186	65.180645
356.5	50.465935	63.383421	70.283142	65.110516
357	50.400503	63.255416	70.181974	65.028958
357.5	50.37275	63.205871	70.088638	64.981232
358	50.336423	63.127853	69.979633	64.922078
358.5	50.285653	63.069563	69.867492	64.869198
359	50.216377	62.983694	69.751321	64.814748
359.5	50.189975	62.885716	69.656412	64.750437
360	50.149806	62.819573	69.546057	64.680971
360.5	50.100609	62.737734	69.449579	64.59918
361	50.040353	62.625621	69.357352	64.530607
361.5	49.976934	62.540188	69.244753	64.456207
362	49.903806	62.465068	69.14357	64.391666
362.5	49.878753	62.422237	69.04507	64.320176
363	49.798623	62.324913	68.940749	64.258546
363.5	49.729551	62.212335	68.83262	64.178088
364	49.685306	62.06387	68.731429	64.079027
364.5	49.627741	61.945002	68.639191	63.991393
365	49.586655	61.826129	68.525683	63.886722
365.5	49.541277	61.735064	68.415755	63.801997
366	49.49635	61.648258	68.335826	63.719511
366.5	49.46587	61.61035	68.234626	63.636575
367	49.429295	61.570871	68.127379	63.538393
367.5	49.415973	61.485854	68.043192	63.459487
368	49.390911	61.403302	67.939523	63.369819
368.5	49.367655	61.33017	67.841002	63.323639
369	49.316174	61.231909	67.742032	63.240468
369.5	49.317303	61.165279	67.664556	63.178368
370	49.282756	61.069928	67.561999	63.110438
370.5	49.235111	60.988037	67.451826	63.031745
371	49.205529	60.936881	67.376137	62.971659
371.5	49.163979	60.86755	67.265064	62.905519
372	49.15201	60.771516	67.167202	62.851035
372.5	49.113168	60.683556	67.080534	62.802605
373	49.099844	60.589534	66.992522	62.741842
373.5	49.068679	60.503138	66.878528	62.683992
374	49.065066	60.429756	66.771922	62.604839
374.5	49.002056	60.366022	66.701149	62.529048
375	48.978342	60.259869	66.61828	62.430158
375.5	48.933622	60.209371	66.522195	62.349653
376	48.89229	60.158424	66.412445	62.280134
376.5	48.860669	60.104109	66.336962	62.183477
377	48.817527	60.051589	66.240647	62.125392
377.5	48.770544	60.046426	66.167624	62.059232
378	48.713394	60.020615	66.072649	61.984099
378.5	48.660082	59.973704	65.974087	61.919057
379	48.618742	59.895143	65.900164	61.869489
379.5	48.570171	59.836332	65.790397	61.798388
380	48.520468	59.7865	65.704598	61.726837
380.5	48.477316	59.722973	65.629101	61.682649
381	48.44546	59.664832	65.519999	61.644293
381.5	48.369317	59.598383	65.440242	61.590234
382	48.333843	59.511952	65.358243	61.57498
382.5	48.278257	59.454704	65.274674	61.503423
383	48.230352	59.368267	65.181021	61.455418
383.5	48.190129	59.271275	65.090279	61.38296
384	48.149904	59.153622	65.002894	61.298835
384.5	48.12143	59.066949	64.915956	61.207752
385	48.067192	58.966576	64.825207	61.118686
385.5	48.03284	58.871812	64.743194	61.020641
386	47.975886	58.77435	64.655354	60.941216
386.5	47.922998	58.702934	64.576698	60.869642
387	47.894519	58.650382	64.498265	60.797392
387.5	47.856547	58.570428	64.404368	60.728057
388	47.802976	58.501926	64.32369	60.661413
388.5	47.757089	58.451165	64.236959	60.602621
389	47.735614	58.410286	64.140364	60.527447
389.5	47.677292	58.370305	64.054525	60.445986
390	47.648808	58.301797	63.974063	60.33849
390.5	47.604724	58.24901	63.900771	60.263981
391	47.574882	58.192853	63.821874	60.194182
391.5	47.538709	58.118947	63.734233	60.097673
392	47.490327	58.063909	63.630899	60.020911
392.5	47.449856	57.976295	63.552892	59.94123
393	47.398756	57.90418	63.484522	59.864239
393.5	47.34562	57.820828	63.38118	59.771532
394	47.320069	57.760615	63.313703	59.732698
394.5	47.293612	57.691637	63.255864	59.659965
395	47.266251	57.634791	63.154532	59.584986
395.5	47.245447	57.574572	63.063734	59.494738
396	47.201124	57.510308	62.989748	59.445122
396.5	47.179641	57.470309	62.924504	59.351725
397	47.135316	57.439749	62.826748	59.298515
397.5	47.088728	57.394805	62.745357	59.21297
398	47.068826	57.348738	62.665533	59.156837
398.5	47.018617	57.293455	62.59961	59.110807
399	46.991476	57.234575	62.515746	59.06792
399.5	46.964335	57.153219	62.433898	59.044118
400	46.953252	57.082423	62.351375	58.985511
400.5	46.93855	57.031628	62.267055	58.967771
401	46.880419	56.9869	62.195516	58.915899
401.5	46.842192	56.950488	62.124872	58.876376
402	46.811881	56.889575	62.066561	58.819336
402.5	46.784736	56.830234	61.966533	58.781384
403	46.750804	56.789323	61.875921	58.704354
403.5	46.701488	56.729304	61.798316	58.646412
404	46.673662	56.676028	61.746728	58.591612
404.5	46.65398	56.626122	61.653642	58.530971
405	46.624569	56.551036	61.598461	58.457077
405.5	46.602397	56.457511	61.513221	58.404968
406	46.577511	56.387365	61.421921	58.348365
406.5	46.536786	56.317216	61.352828	58.315122
407	46.520496	56.271123	61.279245	58.248858
407.5	46.498096	56.214012	61.205661	58.243467
408	46.484294	56.151951	61.138805	58.181693
408.5	46.444019	56.07145	61.058037	58.137215
409	46.4094	55.965534	60.991626	58.087345
409.5	46.359392	55.922581	60.921399	58.024219
410	46.341063	55.839821	60.829855	57.979513
410.5	46.327486	55.78562	60.77174	57.909644
411	46.29852	55.682837	60.699936	57.850107
411.5	46.289016	55.594668	60.643165	57.807195
412	46.251224	55.535961	60.534555	57.728333
412.5	46.235836	55.475003	60.468804	57.655085
413	46.197137	55.414269	60.398562	57.586778
413.5	46.156174	55.356456	60.33348	57.514649
414	46.11272	55.344534	60.260542	57.438922
414.5	46.08873	55.30899	60.196803	57.363866
415	46.05478	55.244425	60.11982	57.289482
415.5	46.000005	55.20753	60.042835	57.231051
416	45.938665	55.147686	59.963154	57.184755
416.5	45.901542	55.09504	59.891102	57.114634
417	45.866002	55.004368	59.829374	57.074404
417.5	45.824576	54.957118	59.746543	56.997537
418	45.786092	54.909417	59.68728	56.939097
418.5	45.771603	54.843263	59.622403	56.862
419	45.73606	54.757754	59.549219	56.825361
419.5	45.690329	54.736376	59.484787	56.783776
420	45.639841	54.694745	59.405536	56.734322
420.5	45.600445	54.64006	59.353	56.694084
421	45.564445	54.59145	59.276439	56.634737
421.5	45.510556	54.551166	59.205264	56.567295
422	45.466627	54.482973	59.141048	56.525704
422.5	45.41364	54.396321	59.059764	56.442745
423	45.393486	54.353782	59.01216	56.3708
423.5	45.321699	54.294134	58.930423	56.321111
424	45.266667	54.232234	58.886184	56.2649
424.5	45.232242	54.173033	58.814548	56.222179
425	45.207103	54.134315	58.736396	56.168438
425.5	45.161352	54.071058	58.684743	56.124815
426	45.122395	54.002171	58.579412	56.085914
426.5	45.088193	53.94724	58.533594	56.038017
427	45.061239	53.867541	58.476995	56.001362
427.5	45.03066	53.829266	58.404447	55.954362
428	45.003025	53.770502	58.330324	55.886896
428.5	44.979693	53.726821	58.262712	55.857435
429	44.969046	53.69147	58.205207	55.793789
429.5	44.928271	53.648013	58.153317	55.727667
430	44.93552	53.601852	58.078511	55.669414
430.5	44.893384	53.548709	58.014262	55.617008
431	44.882284	53.494214	57.955627	55.584169
431.5	44.850794	53.454129	57.886431	55.538283
432	44.831311	53.390847	57.822625	55.49802
432.5	44.811148	53.331167	57.754099	55.439985
433	44.790078	53.274862	57.6822	55.39567
433.5	44.75564	53.21225	57.628499	55.349105
434	44.74182	53.158194	57.560866	55.298039
434.5	44.720749	53.113371	57.510757	55.251247
435	44.712593	53.059987	57.438625	55.186455
435.5	44.692881	53.002322	57.38312	55.128635
436	44.65912	52.97011	57.309186	55.05619
436.5	44.633063	52.928661	57.250082	55.003316
437	44.599755	52.875272	57.19165	54.946615
437.5	44.551489	52.829315	57.115461	54.892388
438	44.517725	52.759025	57.061521	54.837035
438.5	44.476029	52.707208	57.007354	54.79383
439	44.439317	52.627901	56.936553	54.726997
439.5	44.396032	52.611678	56.884405	54.684915
440	44.356824	52.538901	56.831358	54.617628
440.5	44.320335	52.511862	56.770216	54.56024
441	44.316709	52.460487	56.691539	54.504201
441.5	44.277272	52.396266	56.647029	54.450861
442	44.267073	52.347366	56.582959	54.397969
442.5	44.247127	52.293056	56.526081	54.37006
443	44.221968	52.23266	56.463581	54.317391
443.5	44.185475	52.183755	56.396583	54.299609
444	44.158502	52.161443	56.339025	54.250539
444.5	44.129487	52.10307	56.280791	54.206645
445	44.117247	52.076474	56.226828	54.163426
445.5	44.090951	52.055739	56.145655	54.142041
446	44.070776	51.978428	56.09686	54.110301
446.5	44.043347	51.902692	56.043341	54.077659
447	44.013196	51.865499	55.98105	54.042766
447.5	43.984405	51.828981	55.928203	54.001568
448	43.977377	51.775104	55.872655	53.961496
448.5	43.945185	51.762705	55.801813	53.914668
449	43.919793	51.719648	55.745812	53.887426
449.5	43.92274	51.703867	55.703754	53.825737
450	43.909591	51.636234	55.615586	53.80052
450.5	43.899388	51.610532	55.562728	53.740854
451	43.86402	51.55507	55.530563	53.68794
451.5	43.850416	51.493518	55.458133	53.640655
452	43.805976	51.45406	55.409995	53.576254
452.5	43.771512	51.366799	55.360955	53.543828
453	43.773326	51.332073	55.296392	53.491359
453.5	43.730244	51.289905	55.236102	53.44159
454	43.703034	51.238942	55.171084	53.396325
454.5	43.666299	51.237137	55.131038	53.347229
455	43.640674	51.199928	55.063992	53.350157
455.5	43.611421	51.159336	55.025293	53.242728
456	43.572415	51.116261	54.970393	53.196105
456.5	43.539532	51.095513	54.903342	53.138445
457	43.504833	51.03913	54.862839	53.076953
457.5	43.500524	51.015448	54.80996	53.01118
458	43.488051	50.956581	54.757304	52.974688
458.5	43.448134	50.946657	54.692944	52.898322
459	43.428629	50.911471	54.648612	52.846959
459.5	43.413206	50.861848	54.581773	52.800551
460	43.363307	50.845607	54.517857	52.737019
460.5	43.355822	50.797561	54.485673	52.663346
461	43.331098	50.759439	54.42288	52.607244
461.5	43.314086	50.713646	54.37674	52.5401
462	43.293672	50.663115	54.311016	52.483543
462.5	43.297755	50.608069	54.264873	52.433294
463	43.256244	50.561144	54.207248	52.402648
463.5	43.231518	50.533168	54.166505	52.337072
464	43.21632	50.497747	54.110678	52.308903
464.5	43.202482	50.464581	54.062279	52.272396
465	43.18388	50.451721	54.007799	52.219886
465.5	43.16732	50.412913	53.962999	52.174812
466	43.149625	50.401857	53.895459	52.144838
466.5	43.123763	50.365981	53.860337	52.09886
467	43.109244	50.340259	53.806977	52.070687
467.5	43.093136	50.280688	53.76037	52.014564
468	43.066366	50.238266	53.68404	51.967005
468.5	43.056383	50.19178	53.643735	51.930715
469	43.033695	50.141231	53.58046	51.865346
469.5	43.027797	50.075559	53.54961	51.822741
470	43.014184	50.041707	53.496015	51.772697
470.5	42.992403	49.97084	53.433411	51.731443
471	42.971075	49.921637	53.400756	51.706645
471.5	42.969033	49.863179	53.327789	51.662007
472	42.934545	49.787112	53.294682	51.603616
472.5	42.927965	49.733162	53.23725	51.570699
473	42.888484	49.713524	53.182519	51.522225
473.5	42.876911	49.66499	53.131841	51.477582
474	42.848548	49.628419	53.087693	51.438575
474.5	42.85354	49.592073	53.036561	51.382881
475	42.799079	49.566111	52.990834	51.367999
475.5	42.780017	49.52886	52.942628	51.350636
476	42.769806	49.502897	52.885409	51.314557
476.5	42.753694	49.471966	52.8372	51.29539
477	42.757778	49.447357	52.796649	51.249613
477.5	42.72283	49.410329	52.744607	51.207443
478	42.704448	49.384815	52.709461	51.17091
478.5	42.68357	49.351624	52.654036	51.146554
479	42.67018	49.280724	52.615734	51.107313
479.5	42.65679	49.238498	52.553997	51.073709
480	42.625243	49.205981	52.501722	51.031534
480.5	42.593696	49.17527	52.474007	50.97154
481	42.590518	49.158559	52.413392	50.922145
481.5	42.566914	49.111136	52.371253	50.886056
482	42.522428	49.057387	52.335197	50.811394
482.5	42.505404	48.992344	52.279309	50.766279
483	42.484749	48.910811	52.23897	50.6968
483.5	42.446842	48.873995	52.183755	50.682814
484	42.447296	48.79765	52.14499	50.623934
484.5	42.428456	48.761734	52.093153	50.575881
485	42.409388	48.728077	52.057542	50.54204
485.5	42.376246	48.677928	51.991276	50.505942
486	42.366031	48.648787	51.966707	50.488118
486.5	42.361718	48.605639	51.913061	50.432841
487	42.354	48.573334	51.864822	50.378013
487.5	42.320856	48.545772	51.829882	50.356126
488	42.316316	48.513013	51.784798	50.303777
488.5	42.293387	48.479124	51.734752	50.263386
489	42.29089	48.470538	51.68245	50.220737
489.5	42.266372	48.439359	51.649535	50.184406
490	42.274545	48.420381	51.614139	50.164547
490.5	42.238901	48.402757	51.566794	50.131825
491	42.229139	48.370221	51.508399	50.108806
491.5	42.21302	48.354631	51.46105	50.061188
492	42.205528	48.329776	51.434443	50.037943
492.5	42.19463	48.29769	51.38619	50.015148
493	42.184186	48.255209	51.35124	49.989645
493.5	42.174196	48.212501	51.302533	49.948568
494	42.159212	48.182672	51.245932	49.924193
494.5	42.164661	48.150808	51.209174	49.899816
495	42.147632	48.114651	51.160463	49.849934
495.5	42.118343	48.092277	51.121223	49.828717
496	42.116753	48.069452	51.082432	49.796213
496.5	42.102676	48.02719	51.02447	49.774318
497	42.092686	47.965038	50.995601	49.736621
497.5	42.06612	47.946052	50.949815	49.698923
498	42.037964	47.901526	50.928387	49.669126
498.5	42.027291	47.861293	50.86072	49.643616
499	42.008217	47.811566	50.829818	49.599595
499.5	41.989143	47.780146	50.787636	49.542704
500	41.967798	47.768165	50.74974	49.512
500.5	41.951221	47.744204	50.705525	49.449913
501	41.955308	47.704193	50.665822	49.395048
501.5	41.942818	47.695829	50.632885	49.350568
502	41.942137	47.675031	50.571973	49.327537
502.5	41.917384	47.639765	50.54129	49.285312
503	41.895584	47.602464	50.48421	49.271538
503.5	41.896719	47.588221	50.456684	49.224345
504	41.878778	47.565613	50.433671	49.198602
504.5	41.858794	47.514518	50.377714	49.149373
505	41.85516	47.477892	50.355376	49.124758
505.5	41.81905	47.423854	50.301448	49.084108
506	41.829497	47.392425	50.253159	49.060396
506.5	41.819731	47.369136	50.21412	49.023132
507	41.792024	47.342681	50.182076	49.009355
507.5	41.762271	47.30718	50.141231	48.978188
508	41.760227	47.234366	50.101738	48.937986
508.5	41.737742	47.202933	50.061341	48.913142
509	41.725477	47.187782	50.016881	48.89304
509.5	41.718663	47.141648	49.964295	48.875648
510	41.703446	47.10682	49.959781	48.847867
510.5	41.690726	47.074932	49.908546	48.825505
511	41.688682	47.039877	49.863404	48.810146
511.5	41.650977	47.015903	49.823678	48.778296
512	41.641891	46.990345	49.77718	48.760903
512.5	41.625764	46.987179	49.742417	48.729505
513	41.621675	46.93855	49.70946	48.695169
513.5	41.599415	46.911181	49.665441	48.647279
514	41.582605	46.881776	49.636771	48.618137
514.5	41.56625	46.866395	49.59862	48.61023
515	41.549213	46.797856	49.565659	48.55827
515.5	41.543988	46.776592	49.525022	48.515345
516	41.546714	46.73248	49.483255	48.521445
516.5	41.535583	46.71574	49.445551	48.49456
517	41.499918	46.679317	49.406491	48.458637
517.5	41.492421	46.652622	49.369687	48.43288
518	41.49492	46.598551	49.339883	48.390855
518.5	41.483107	46.582941	49.299691	48.362837
519	41.481971	46.575022	49.260627	48.349055
519.5	41.473112	46.532487	49.236014	48.330526
520	41.472884	46.533392	49.189045	48.280816
520.5	41.466069	46.519364	49.154043	48.268388
521	41.425176	46.493571	49.129654	48.241046
521.5	41.425631	46.464383	49.08652	48.202178
522	41.419724	46.42637	49.052193	48.173253
522.5	41.429266	46.396502	49.01651	48.133932
523	41.420406	46.357808	48.989634	48.077435
523.5	41.411545	46.347173	48.949432	48.036077
524	41.380193	46.337442	48.909004	48.023873
524.5	41.377694	46.306441	48.873543	47.987259
525	41.361336	46.275438	48.844632	47.955166
525.5	41.362699	46.275438	48.797875	47.93053
526	41.335208	46.239004	48.76693	47.91403
526.5	41.336798	46.24172	48.740501	47.894366
527	41.314078	46.1951	48.709102	47.852777
527.5	41.294992	46.189669	48.66957	47.853907
528	41.264318	46.162285	48.630941	47.813899
528.5	41.276133	46.118152	48.606769	47.786774
529	41.267045	46.11091	48.576948	47.74699
529.5	41.254548	46.090088	48.537187	47.725515
530	41.262955	46.074018	48.497198	47.692963
530.5	41.248867	46.025356	48.471216	47.66154
531	41.262046	45.999326	48.438004	47.63916
531.5	41.243641	45.97556	48.389427	47.586711
532	41.217511	45.967864	48.354857	47.576312
532.5	41.212966	45.937306	48.342655	47.547599
533	41.216374	45.893619	48.294526	47.51753
533.5	41.227281	45.869624	48.264473	47.497634
534	41.204559	45.833179	48.238035	47.496278
534.5	41.180699	45.825482	48.209111	47.448798
535	41.195015	45.772962	48.174084	47.435006
535.5	41.192516	45.746474	48.137023	47.415109
536	41.168656	45.714553	48.112165	47.38481
536.5	41.171156	45.718175	48.068322	47.375314
537	41.155931	45.693725	48.044592	47.354059
537.5	41.170701	45.650708	48.006397	47.316524
538	41.146387	45.633728	47.978146	47.304313
538.5	41.143433	45.613124	47.957127	47.289389
539	41.1198	45.609502	47.920738	47.261349
539.5	41.106847	45.570332	47.89565	47.209338
540	41.108437	45.544293	47.862876	47.194413
540.5	41.091394	45.518481	47.810888	47.160265
541	41.105483	45.523236	47.792804	47.135389
541.5	41.070032	45.467533	47.761384	47.120689
542	41.072986	45.461419	47.737423	47.08292
542.5	41.042079	45.438775	47.698315	47.078623
543	41.028898	45.398015	47.677518	47.044473
543.5	41.026398	45.402544	47.6366	47.031581
544	41.004126	45.37854	47.603594	46.994941
544.5	40.988445	45.33823	47.57963	46.965312
545	40.967763	45.326454	47.558831	46.928897
545.5	40.944808	45.295655	47.508188	46.881623
546	40.937762	45.257155	47.499596	46.84136
546.5	40.925716	45.238131	47.45483	46.825526
547	40.914125	45.226127	47.425889	46.813537
547.5	40.89526	45.200308	47.383155	46.786618
548	40.890487	45.196458	47.346072	46.757663
548.5	40.857984	45.182189	47.334993	46.751329
549	40.876168	45.144139	47.300848	46.707895
549.5	40.863667	45.122848	47.265573	46.700882
550	40.851847	45.093856	47.254718	46.673056
550.5	40.847756	45.06509	47.216275	46.665364
551	40.839346	45.024091	47.193435	46.662875
551.5	40.830709	44.974709	47.161323	46.629167
552	40.8348	44.957493	47.132602	46.595231
552.5	40.841846	44.949791	47.10976	46.578036
553	40.803205	44.922607	47.05797	46.57962
553.5	40.823662	44.904485	47.045305	46.53256
554	40.810706	44.892251	47.02608	46.514686
554.5	40.795476	44.861668	46.995547	46.471696
555	40.777746	44.823835	46.953704	46.452011
555.5	40.783884	44.818397	46.937419	46.4278
556	40.756379	44.809562	46.905526	46.395443
556.5	40.759334	44.788718	46.859157	46.380961
557	40.760016	44.766516	46.858026	46.356523
557.5	40.758425	44.744539	46.824322	46.316244
558	40.742285	44.717804	46.810976	46.313529
558.5	40.734784	44.713725	46.781795	46.300404
559	40.740921	44.688802	46.742207	46.269175
559.5	40.709551	44.682231	46.717097	46.250166
560	40.709778	44.654362	46.692665	46.221651
560.5	40.730237	44.622414	46.653075	46.196305
561	40.71046	44.607912	46.637238	46.172994
561.5	40.69432	44.564406	46.597873	46.13271
562	40.692047	44.542879	46.573212	46.11913
562.5	40.664767	44.518405	46.554433	46.097403
563	40.658174	44.490079	46.531582	46.083144
563.5	40.667268	44.471723	46.491308	46.065943
564	40.672269	44.413255	46.464836	46.043536
564.5	40.654082	44.415748	46.443114	46.004605
565	40.629075	44.401244	46.407589	46.006642
565.5	40.635668	44.393765	46.369122	45.988082
566	40.617935	44.376315	46.357129	45.944623
566.5	40.61498	44.345719	46.348757	45.92674
567	40.596792	44.328494	46.313003	45.892334
567.5	40.594746	44.306963	46.300104	45.892786
568	40.584061	44.30515	46.248509	45.855209
568.5	40.575421	44.287018	46.252356	45.80835
569	40.561553	44.240328	46.212073	45.78707
569.5	40.56951	44.261633	46.188537	45.765564
570	40.555187	44.2571	46.164322	45.751075
570.5	40.554505	44.219475	46.144632	45.69991
571	40.552004	44.191595	46.112041	45.686326
571.5	40.537908	44.197715	46.084656	45.641498
572	40.524266	44.157368	46.043689	45.627235
572.5	40.52222	44.147395	46.031014	45.588971
573	40.508351	44.12314	46.00589	45.562253
573.5	40.501075	44.095485	45.989141	45.53395
574	40.48948	44.056495	45.95881	45.502024
574.5	40.499484	44.028385	45.929837	45.469644
575	40.48084	44.025665	45.888413	45.468965
575.5	40.478793	43.995514	45.877321	45.416656
576	40.486296	43.984632	45.852647	45.40556
576.5	40.477656	43.959921	45.833858	45.368196
577	40.472882	43.956294	45.808504	45.353476
577.5	40.469244	43.938837	45.765491	45.328339
578	40.444915	43.915032	45.76866	45.311354
578.5	40.45833	43.904149	45.741494	45.280102
579	40.46265	43.876716	45.71727	45.275799
579.5	40.43923	43.876489	45.690329	45.252019
580	40.421495	43.831824	45.674707	45.217594
580.5	40.428998	43.834772	45.651161	45.194493
581	40.438548	43.813005	45.611766	45.183621
581.5	40.421495	43.802122	45.581879	45.153045
582	40.418993	43.743395	45.564671	45.122468
582.5	40.421722	43.731151	45.526858	45.110237
583	40.399666	43.708022	45.521424	45.109558
583.5	40.389661	43.69487	45.501951	45.100724
584	40.395573	43.664031	45.478628	45.074902
584.5	40.374653	43.666752	45.469797	45.048854
585	40.391252	43.63183	45.432208	45.034583
585.5	40.369423	43.630696	45.402091	45.02507
586	40.373061	43.613915	45.388504	45.018274
586.5	40.363966	43.595093	45.363141	44.994037
587	40.355325	43.583074	45.339589	44.96776
587.5	40.346684	43.572189	45.316943	44.954621
588	40.349412	43.533409	45.299279	44.926758
588.5	40.352141	43.514812	45.26327	44.883716
589	40.352596	43.505514	45.246737	44.885981
589.5	40.342818	43.482154	45.228845	44.86899
590	40.324171	43.461969	45.211859	44.831384
590.5	40.319623	43.425227	45.177886	44.821189
591	40.312119	43.430443	45.151387	44.794455
591.5	40.289606	43.426134	45.149348	44.768854
592	40.312346	43.38803	45.114468	44.755487
592.5	40.304387	43.392566	45.097027	44.730338
593	40.303023	43.363761	45.075962	44.707001
593.5	40.296655	43.366256	45.064637	44.69386
594	40.286877	43.342893	45.029074	44.672562
594.5	40.288014	43.311818	45.00461	44.654888
595	40.283238	43.301838	44.97403	44.628378
595.5	40.277326	43.296394	44.96746	44.622487
596	40.278235	43.251254	44.935067	44.579887
596.5	40.270958	43.252161	44.941636	44.595749
597	40.26027	43.244448	44.893837	44.569011
597.5	40.253675	43.22131	44.878659	44.544538
598	40.262317	43.197718	44.853966	44.536833
598.5	40.254812	43.185242	44.840373	44.512133
599	40.249354	43.170723	44.829272	44.508054
599.5	40.250491	43.162783	44.800273	44.480634
600	40.247535	43.143046	44.784414	44.455706
600.5	40.251173	43.13193	44.759039	44.42262
601	40.245715	43.102892	44.72528	44.414235
601.5	40.238893	43.103119	44.727999	44.402903
602	40.23912	43.094498	44.692427	44.391345
602.5	40.245943	43.067273	44.662519	44.385
603	40.227977	43.054795	44.639634	44.354404
603.5	40.21092	43.054341	44.629891	44.338766
604	40.230706	43.022805	44.618335	44.312702
604.5	40.242304	43.004881	44.586159	44.289358
605	40.204552	42.998755	44.577548	44.273039
605.5	40.208646	42.987184	44.55942	44.262386
606	40.194318	42.966764	44.531775	44.248107
606.5	40.191362	42.960865	44.530189	44.237907
607	40.180445	42.959957	44.509568	44.209575
607.5	40.199322	42.939537	44.469684	44.198242
608	40.185676	42.934318	44.447249	44.184415
608.5	40.183174	42.90414	44.428892	44.174215
609	40.192954	42.895518	44.432065	44.159708
609.5	40.180673	42.86307	44.402604	44.142254
610	40.176351	42.862162	44.38606	44.136134
610.5	40.184311	42.854901	44.342546	44.118453
611	40.182037	42.837883	44.342999	44.12276
611.5	40.17999	42.819275	44.326228	44.122306
612	40.169983	42.803618	44.295404	44.106212
612.5	40.164298	42.797945	44.284298	44.07833
613	40.153153	42.771394	44.262087	44.070169
613.5	40.149742	42.750517	44.250754	44.036846
614	40.141327	42.738262	44.224915	44.026418
614.5	40.121994	42.73327	44.222648	44.017803
615	40.139507	42.710349	44.198395	44.001254
615.5	40.140417	42.706037	44.196582	43.972689
616	40.133594	42.698094	44.149661	43.968609
616.5	40.121085	42.678804	44.142634	43.950019
617	40.115171	42.682662	44.124727	43.930295
617.5	40.119948	42.659967	44.107953	43.904676
618	40.120402	42.664506	44.084831	43.902635
618.5	40.106301	42.637953	44.063522	43.88087
619	40.117901	42.617527	44.04176	43.860238
619.5	40.116081	42.590972	44.026118	43.849809
620	40.105391	42.579397	44.021584	43.862052
620.5	40.107666	42.572134	44.026345	43.829856
621	40.089015	42.547395	43.985992	43.815799
621.5	40.108121	42.515845	43.957654	43.820107
622	40.104027	42.526059	43.960148	43.811944
622.5	40.097431	42.521747	43.918659	43.769317
623	40.107893	42.523789	43.931355	43.769544
623.5	40.094701	42.507447	43.892133	43.765236
624	40.093792	42.504723	43.877623	43.755939
624.5	40.093109	42.484068	43.851096	43.750044
625	40.081282	42.476351	43.855177	43.72034
625.5	40.085603	42.457057	43.834772	43.716485
626	40.080827	42.444118	43.815953	43.674762
626.5	40.086968	42.452063	43.813232	43.670453
627	40.092427	42.433904	43.760401	43.643468
627.5	40.07787	42.435039	43.759494	43.631223
628	40.075368	42.424597	43.744983	43.60968
628.5	40.068545	42.410977	43.738407	43.60401
629	40.071274	42.398266	43.705074	43.584508
629.5	40.059674	42.369209	43.71029	43.593125
630	40.074231	42.330618	43.671287	43.56818
630.5	40.065588	42.335385	43.666752	43.536203
631	40.075596	42.314273	43.644076	43.533709
631.5	40.072184	42.314727	43.615049	43.51171
632	40.045799	42.273636	43.606432	43.475877
632.5	40.062176	42.268869	43.598948	43.478371
633	40.053305	42.259107	43.598495	43.492433
633.5	40.062404	42.249345	43.566973	43.454784
634	40.053078	42.252296	43.554727	43.445939
634.5	40.061949	42.234134	43.538398	43.434599
635	40.063768	42.23595	43.531141	43.404433
635.5	40.032379	42.221874	43.506194	43.412598
636	40.035109	42.221193	43.514359	43.385154
636.5	40.049666	42.221647	43.481927	43.371999
637	40.031925	42.182824	43.464464	43.354307
637.5	40.035336	42.187592	43.456979	43.352493
638	40.046027	42.176467	43.426361	43.320964
638.5	40.037156	42.170337	43.411618	43.29125
639	40.013045	42.147178	43.395061	43.286486
639.5	40.033062	42.15626	43.39937	43.278774
640	40.021461	42.118116	43.376009	43.259493
640.5	40.008041	42.116753	43.331098	43.244748
641	40.008041	42.098362	43.338357	43.25178
641.5	40.011681	42.075429	43.321572	43.230457
642	40.025783	42.069071	43.319303	43.217527
642.5	40.025556	42.064303	43.292991	43.203009
643	40.026238	42.053177	43.29526	43.210722
643.5	40.010088	42.037509	43.261461	43.194842
644	40.008496	42.020706	43.2601	43.189625
644.5	40.012363	42.024566	43.241499	43.17624
645	40.01714	42.013667	43.219496	43.166259
645.5	40.024873	41.975745	43.22063	43.145842
646	40.021234	42.006401	43.193635	43.141078
646.5	40.005312	41.971658	43.200214	43.122702
647	39.999852	41.990733	43.178209	43.113401
647.5	40.007814	41.975064	43.170269	43.108636
648	39.997578	41.943273	43.141685	43.081412
648.5	39.992801	41.933054	43.137148	43.058725
649	39.986887	41.92238	43.132384	43.050331
649.5	39.984612	41.906711	43.107656	43.059632
650	39.978471	41.903305	43.091321	43.042163
650.5	39.974376	41.884002	43.062963	43.025147
651	39.974376	41.871738	43.065458	43.019475
651.5	39.957998	41.859021	43.050031	43.001551
652	39.956633	41.828362	43.040275	43.003593
652.5	39.965277	41.827226	43.035964	42.96661
653	39.960045	41.816325	43.021444	42.964114
653.5	39.958681	41.805878	42.99626	42.953677
654	39.966642	41.78362	42.993991	42.941652
654.5	39.954814	41.782939	42.967899	42.945055
655	39.949354	41.76318	42.953377	42.927357
655.5	39.94617	41.764088	42.935679	42.933257
656	39.925697	41.743874	42.920477	42.906709
656.5	39.947079	41.713439	42.911174	42.878573
657	39.933658	41.709578	42.915712	42.873127
657.5	39.932976	41.697086	42.898468	42.871766
658	39.925469	41.671874	42.864205	42.851797
658.5	39.91637	41.667104	42.846278	42.822752
659	39.941393	41.655747	42.834025	42.828198
659.5	39.921147	41.649841	42.830394	42.799606
660	39.906588	41.654384	42.820637	42.785764
660.5	39.904541	41.633487	42.813375	42.793025
661	39.932521	41.615542	42.791137	42.768063
661.5	39.910683	41.605094	42.791591	42.76534
662	39.903858	41.610318	42.78206	42.751724
662.5	39.900674	41.605321	42.771621	42.737427
663	39.896806	41.582151	42.755509	42.732208
663.5	39.892257	41.540808	42.73622	42.729258
664	39.887252	41.56943	42.728504	42.698167
664.5	39.859726	41.547623	42.71171	42.685004
665	39.862683	41.521045	42.696505	42.691813
665.5	39.863365	41.530131	42.663371	42.666168
666	39.86382	41.516956	42.690605	42.657317
666.5	39.870418	41.50537	42.661556	42.636437
667	39.848351	41.50219	42.648846	42.622139
667.5	39.843119	41.473566	42.62774	42.613514
668	39.843801	41.494012	42.597327	42.587641
668.5	39.813316	41.463343	42.618661	42.598535
669	39.840616	41.487651	42.598916	42.571299
669.5	39.825601	41.455392	42.575312	42.559951
670	39.822189	41.452666	42.578262	42.532261
670.5	39.809676	41.443806	42.55375	42.528629
671	39.794661	41.419497	42.556474	42.516145
671.5	39.799666	41.40632	42.542174	42.471884
672	39.820141	41.390644	42.513803	42.492993
672.5	39.793523	41.397232	42.517207	42.482325
673	39.771683	41.371105	42.499276	42.478467
673.5	39.770318	41.358836	42.469541	42.444872
674	39.769863	41.338161	42.479075	42.438063
674.5	39.769863	41.3318	42.460916	42.429664
675	39.77282	41.347022	42.458873	42.425578
675.5	39.780783	41.321803	42.425732	42.410369
676	39.757349	41.320212	42.411204	42.399928
676.5	39.744381	41.311578	42.393272	42.382222
677	39.76099	41.300218	42.402805	42.398339
677.5	39.730275	41.285676	42.395315	42.384038
678	39.741423	41.275452	42.375565	42.382222
678.5	39.747111	41.254321	42.349914	42.366558
679	39.73073	41.247958	42.355135	42.359521
679.5	39.716851	41.230462	42.339925	42.349533
680	39.715259	41.221373	42.326532	42.349533
680.5	39.72527	41.196606	42.330391	42.353392
681	39.717989	41.185471	42.294749	42.325924
681.5	39.706158	41.186153	42.287485	42.33001
682	39.713666	41.189789	42.296566	42.305946
682.5	39.692051	41.185471	42.262966	42.283698
683	39.706613	41.162293	42.259107	42.279385
683.5	39.70138	41.149114	42.24662	42.257818
684	39.693871	41.136616	42.237312	42.251234
684.5	39.676807	41.126844	42.22755	42.235796
685	39.66452	41.129798	42.199171	42.1972
685.5	39.672029	41.10162	42.222555	42.201968
686	39.66452	41.110937	42.178283	42.177221
686.5	39.658149	41.087985	42.167612	42.162236
687	39.649958	41.091166	42.145362	42.170637
687.5	39.644725	41.07435	42.158757	42.15656
688	39.652689	41.064805	42.141956	42.142483
688.5	39.62948	41.040943	42.121067	42.12659
689	39.636079	41.017535	42.114256	42.12273
689.5	39.634941	41.025489	42.117662	42.098889
690	39.61469	41.018217	42.105174	42.089126
690.5	39.631983	40.996626	42.077246	42.079816
691	39.608319	40.975718	42.062714	42.054158
691.5	39.599217	40.986854	42.062714	42.025321
692	39.621971	40.978218	42.045911	42.03781
692.5	39.599217	40.977763	42.042505	42.021688
693	39.593528	40.962081	42.025248	42.010334
693.5	39.60354	40.957536	42.012986	42.000343
694	39.580103	40.935944	42.008671	41.97491
694.5	39.583289	40.925944	41.99096	41.966281
695	39.581696	40.911852	41.984601	41.963556
695.5	39.586929	40.914352	41.955989	41.95311
696	39.563037	40.903897	41.931918	41.937214
696.5	39.54597	40.878441	41.941002	41.924724
697	39.534365	40.869576	41.925333	41.894975
697.5	39.536413	40.871622	41.920791	41.910872
698	39.54324	40.839346	41.911253	41.90633
698.5	39.531407	40.827526	41.913297	41.882031
699	39.529814	40.81457	41.891042	41.886573
699.5	39.508195	40.822071	41.853797	41.869086
700	39.523897	40.804341	41.849937	41.83661