!cylinder dimension RxH [m]
0.0375	0.225
 
!initial temperature T0 [C]
850
 
!number of timeSteps
50
 
! times [s]
0	5	10	12	14	15	16	17	18	19	20	21	22	23	24	25	26	27	28	29	30	31	32	33	34	35	36	37	38	39	40	42	44	46	48	50	60	70	80	90	100	110	120	130	140	150	160	170	180	190	200
 
!z coordinates of thermocouples
0.0045	0.1125	0.1125	0.2205
 
!ta [C] - ambient temperature
40
 
!htc1, htc2, htc3 [W/(m^2K)]
0	412	3250	4876	4158	3770	3708	3808	3684	3601	3563	3638	3438	3654	3718	3891	3454	3463	3831	3726	3406	3529	3449	3613	3101	3463	3272	3521	3368	3761	3541	3437	3403	3526	3256	3309	3037	3388	3495	3886	3395	3332	3100	3622	2732	4024	2732	4544	4598	2732	5538
0	141	320	398	453	492	439	446	424	436	306	450	430	408	401	452	348	1119	4752	6127	9254	9198	8911	8702	8480	8209	8061	7763	7540	7392	7196	7002	6726	6417	6157	5961	5328	4590	3973	3588	3298	3136	3300	3600	3344	3170	3349	3523	3392	3376	3528
0	82	98	156	462	476	476	476	400	480	406	480	399	501	420	541	553	678	838	1037	1515	1601	1829	2096	2562	2623	2708	2984	3126	3051	3018	3090	2957	2904	2986	2789	2625	2189	2068	1802	1722	1722	1515	1557	1427	1490	1525	1557	1534	1445	1501
