!cylinder dimension RxH [m]
0.0375	0.225
 
!initial temperature T0 [C]
850
 
!number of timeSteps
50
 
! times [s]
0	5	10	12	14	15	16	17	18	19	20	21	22	23	24	25	26	27	28	29	30	31	32	33	34	35	36	37	38	39	40	42	44	46	48	50	60	70	80	90	100	110	120	130	140	150	160	170	180	190	200
 
!z coordinates of thermocouples
0.0045	0.1125	0.1125	0.2205
 
!ta [C] - ambient temperature
40
 
!htc1, htc2, htc3 [W/(m^2K)]
0	89	95	97	310	1915	2284	2110	1978	1802	1685	1585	1524	1444	1435	1414	1354	1339	1262	1266	1197	1186	1166	1156	1121	1134	1152	1175	1133	1170	1198	1059	1093	1003	995	1032	1016	937	944	881	808	793	772	735	711	689	699	674	634	628	602
0	0	39	85	59	129	66	66	603	1933	3630	3600	3181	2966	2804	2629	2493	2310	2214	2108	2041	1964	1896	1823	1757	1723	1672	1636	1604	1537	1517	1448	1418	1369	1334	1315	1223	1141	1077	1036	993	956	924	904	845	849	801	779	741	738	712
0	34	21	21	21	45	61	74	85	135	95	95	170	1202	2877	2786	2385	2121	1913	1768	1643	1561	1479	1400	1345	1310	1254	1231	1161	1104	1143	1043	988	974	912	902	835	747	675	632	565	553	497	484	456	447	435	439	381	405	379
