!2D model of Transient Nonlinear AxiSymmetric Heat Transfer.
!Node count
1949
!Node type
1
!Nodes:x,y,z=0
0,0
0,0.000997237
0,0.002292393
0.000410719,0.000479133
0.000613075,0.001486918
0.000698434,0.000919297
0.000944441,0
0.000977086,0.002002883
0.001114665,0.002892431
0.001064818,0.00532407
0,0.003974583
0,0.006159889
0,0.008998616
0,0.012685985
0.002083333,0.010331165
0.001281681,0.006848904
0.0016701,0.004086025
0.001344201,0.001066785
0.0019074,0
0.001860379,0.002030645
0.002180426,0.002968055
0.00240859,0.00102775
0.002870358,0
0.002372307,0.005550949
0.003257129,0.003808971
0.003072779,0.002168197
0.00344462,0.000958028
0.004055082,0.001688507
0.003833317,0
0.004430651,0.00086756
0.004303224,0.00269542
0.004242329,0.005528001
0.004166667,0.011663715
0.002782555,0.007813882
0.004552188,0.01608165
0.003552417,0.019727658
0.00225,0.0144276
0,0.017475582
0,0.023696851
0,0.031329016
0,0.038376455
0,0.044542612
0,0.05
0,0.05538707
0.003047325,0.048184956
0.003364583,0.053988294
0.00385167,0.050863847
0.003741708,0.045073578
0.004589326,0.038103894
0.003579949,0.041766831
0.003853227,0.034381393
0.006280507,0.029066571
0.006171722,0.049641949
0.006860977,0.055802589
0.006709466,0.05245522
0.006004804,0.046922862
0.006076461,0.043950629
0.008863375,0.05113995
0.008837081,0.04597737
0.00825,0.048635653
0.008618328,0.043045967
0.009010562,0.03568739
0.007098883,0.040539279
0.009269272,0.01466165
0.007905375,0.018506297
0.006841483,0.022824081
0.00490548,0.009492234
0.005688759,0.00699103
0.005027337,0.003905829
0.004969432,0.001827521
0.004796275,0
0.005421375,0.000888491
0.005438069,0.002774501
0.005759233,0
0.006251937,0.000740631
0.006322189,0.001895291
0.006286428,0.00506701
0.00656816,0.003548444
0.006722218,0
0.007034672,0.000919372
0.007490329,0.002805348
0.007404383,0.001706538
0.007685203,0
0.008007905,0.000966539
0.007552173,0.003625371
0.007507989,0.004393776
0.007598706,0.008371202
0.007112857,0.01178241
0.008212207,0.005666047
0.008537283,0.003658027
0.008294233,0.00208235
0.008648145,0
0.00896921,0.001082818
0.009356287,0.002274831
0.009611088,0
0.009917357,0.001184843
0.009771097,0.003306489
0.009713888,0.004821993
0.010517974,0.002279132
0.01041995,0.000603352
0.010574073,0
0.010730054,0.00349846
0.010856654,0.00125118
0.011125322,0.000584445
0.011537057,0
0.011545345,0.001081373
0.011539247,0.0018125
0.011435642,0.002645079
0.011,0.0045
0.010347294,0.011702005
0.010425086,0.007071302
0.009549144,0.009691672
0.010966026,0.020642837
0.012118933,0.017111135
0.0125,0.025
0.013543408,0.012842866
0.012261788,0.009531428
0.01275,0.006437528
0.012622354,0.004397062
0.011927065,0.00342929
0.011818855,0.000570763
0.0125,0
0.012386501,0.00118801
0.012476921,0.002305709
0.013167477,0.001631361
0.013287656,0.00082728
0.013481058,0
0.013297417,0.003229427
0.013541813,0.002306807
0.01404626,0.00060164
0.014144639,0.00154267
0.014611705,0.002850446
0.014481841,0
0.014906272,0.000776593
0.014095019,0.004455627
0.014209122,0.010343606
0.015221913,0.008331198
0.015920705,0.010696836
0.015485083,0.005839528
0.015775625,0.003999609
0.015451385,0.001805888
0.015482623,0
0.015938054,0.000827575
0.015981629,0.002782277
0.01626317,0.001416364
0.016483406,0
0.016621492,0.002064988
0.017027701,0.004815396
0.017538398,0.006473145
0.017461947,0.003143478
0.01757807,0.001849942
0.017041468,0.000966607
0.017484189,0
0.01779733,0.000510333
0.018160497,0.001060552
0.018484999,0
0.018604944,0.002014088
0.018388294,0.008996318
0.018274224,0.012935036
0.015911087,0.016017898
0.015114602,0.020016731
0.014373364,0.034147709
0.014745871,0.040958835
0.017166932,0.029498469
0.018539268,0.034133892
0.017242083,0.038080628
0.018626039,0.042512789
0.018320212,0.046898258
0.017690409,0.053208
0.016546498,0.05175835
0.016946159,0.05546439
0.015430613,0.053618887
0.016242757,0.049611497
0.015428306,0.044323943
0.014595699,0.047249427
0.014138423,0.049356396
0.01424476,0.051466708
0.014431278,0.055662206
0.012682302,0.054168147
0.011868865,0.051874424
0.0125,0.05
0.01184573,0.046909346
0.013065046,0.043133142
0.01319678,0.045183664
0.012997686,0.048462886
0.013237842,0.03791283
0.011866273,0.030680028
0.010834252,0.040701755
0.010175707,0.048221752
0.010897231,0.044156659
0.011703825,0.048718797
0.011,0.05
0.010322563,0.056233035
0.010394432,0.051674377
0.009625,0.049317826
0.009845486,0.053683132
0.011337874,0.058895814
0.0125,0.075
0.013498173,0.06784821
0.012673565,0.062528599
0.012619696,0.056647109
0.014952341,0.058369041
0.015662686,0.064685278
0.017811567,0.061807203
0.01875,0.066542124
0.014812023,0.080797737
0.016742805,0.086262215
0.018174697,0.090640613
0.017448672,0.0959778
0.01783871,0.102041096
0.017779572,0.107334072
0.018501027,0.112431845
0.014026635,0.109809376
0.0125,0.1
0.014036213,0.104991229
0.01264443,0.090749385
0.011,0.0955
0.011723708,0.085147147
0.008099057,0.105996134
0.00575696,0.098547279
0.00650458,0.086965599
0.007181194,0.092744022
0.007479468,0.079077883
0.009319211,0.065039847
0.008803724,0.061284168
0.008656974,0.05831565
0.006807307,0.069972207
0.005976747,0.059371453
0.004860963,0.06355464
0.003558991,0.060109405
0.003125,0.057165303
0,0.060774141
0,0.066222497
0,0.073031896
0,0.082102665
0,0.091957846
0,0.101966042
0,0.112261369
0,0.122627272
0,0.133558603
0.005938293,0.119357739
0.00721132,0.126178175
0.004759386,0.138158855
0.006886181,0.152713311
0.009271918,0.140864331
0.008869358,0.158212771
0.007631929,0.164650067
0,0.145661261
0,0.15788193
0,0.170102598
0,0.18231772
0.0046875,0.189886669
0.004155721,0.196027029
0,0.19346174
0,0.202330381
0,0.208943516
0,0.213874773
0,0.217551906
0,0.220293866
0,0.222338486
0,0.223863116
0,0.225
0.000467879,0.224530058
0.000840781,0.224232356
0.000983768,0.225
0.001529726,0.219610418
0.001278188,0.223403915
0.001474071,0.224364692
0.001733575,0.221772776
0.001970693,0.225
0.002275819,0.22415162
0.002504398,0.215590748
0.002611702,0.223083106
0.003120597,0.22203664
0.002957619,0.225
0.003356687,0.224046474
0.00308835,0.220595204
0.003039823,0.218232411
0.003944544,0.225
0.003869506,0.223017925
0.004299853,0.221714191
0.004480934,0.224026195
0.004451482,0.212095535
0.005232228,0.206521579
0.005030966,0.216199455
0.005257896,0.218440976
0.004780021,0.22014705
0.004931469,0.225
0.00523355,0.222959517
0.005543895,0.224121718
0.005698361,0.221510497
0.005918394,0.225
0.006177721,0.223506809
0.006479746,0.222580275
0.006516344,0.224226909
0.006905319,0.225
0.006848376,0.221596904
0.006536108,0.220029221
0.007037981,0.217769076
0.007940959,0.212439019
0.007894218,0.215067981
0.007076754,0.223436193
0.007469954,0.224247053
0.00784348,0.222470407
0.007892244,0.225
0.007974248,0.223580073
0.007864843,0.221071868
0.008520795,0.219655424
0.008418158,0.224260459
0.009045747,0.223378716
0.00887917,0.225
0.009247586,0.224356909
0.00853164,0.209727032
0.007183482,0.200566275
0.008907623,0.19389008
0.008998987,0.18604375
0.006393541,0.178139179
0.009580686,0.172274012
0.013388034,0.179957815
0.011226763,0.205466738
0.009497638,0.217736644
0.009619178,0.221644843
0.009866095,0.225
0.010179683,0.223190286
0.010038013,0.224148014
0.010570748,0.219685354
0.01085302,0.225
0.011047836,0.223972728
0.011358526,0.222650664
0.011570328,0.221055886
0.010776005,0.215902365
0.010886496,0.212865527
0.011877083,0.219848321
0.012098608,0.218438341
0.011839945,0.225
0.012035418,0.223836044
0.012482988,0.224456809
0.01282687,0.225
0.012616941,0.223021515
0.012734208,0.221883027
0.013267755,0.220160742
0.013230538,0.223991283
0.013726018,0.222746557
0.013813795,0.225
0.013502584,0.215403543
0.012289988,0.209600814
0.013734659,0.198782103
0.015640385,0.2078956
0.015172575,0.212034664
0.014698207,0.218115655
0.014453254,0.221578022
0.014245367,0.224352058
0.014300145,0.223539346
0.01480072,0.225
0.015081635,0.224229659
0.01502221,0.222466249
0.015442594,0.220205939
0.01534781,0.223428209
0.015787646,0.225
0.016088465,0.22406578
0.01642217,0.222828965
0.015898113,0.221676162
0.016797883,0.21578835
0.016774571,0.225
0.016798316,0.222016143
0.017116961,0.223907847
0.017357278,0.224554895
0.017250132,0.220961656
0.017069359,0.218693786
0.017666216,0.222490546
0.017761496,0.225
0.017776085,0.224311731
0.018361878,0.224423707
0.018355943,0.223604727
0.018748421,0.225
0.018456965,0.213310613
0.016760239,0.203732456
0.018326569,0.195882564
0.018259105,0.188674099
0.014688439,0.19202666
0.014934959,0.186068248
0.016001181,0.173369524
0.017845197,0.163796763
0.016763297,0.148806418
0.016254581,0.143152174
0.01484375,0.15445031
0.014076005,0.167417034
0.013782498,0.161292401
0.010717798,0.147360283
0.009765625,0.132551226
0.010390447,0.114390531
0.012424392,0.121524834
0.015344238,0.113717688
0.015133041,0.127455929
0.014411755,0.13748811
0.017306995,0.132991959
0.01689395,0.118073125
0.0189793,0.123693504
0.019445575,0.137881494
0.02213001,0.128549647
0.022941466,0.134024012
0.023089526,0.124246589
0.021947797,0.120559462
0.021905668,0.116137939
0.025468991,0.122335593
0.025198806,0.11877165
0.025803565,0.115018322
0.028046427,0.115475972
0.028091483,0.117905694
0.027971753,0.120671347
0.025847052,0.125802064
0.026146567,0.13348451
0.027054916,0.128842107
0.026052551,0.135720271
0.025328602,0.131336198
0.024109114,0.138179192
0.02445901,0.147280775
0.0248624,0.149563235
0.025265376,0.153487007
0.024638681,0.14478561
0.025859767,0.141181289
0.026660568,0.146810819
0.027701597,0.14392032
0.027434754,0.151321639
0.026327246,0.158618307
0.027304707,0.156030811
0.027633504,0.160736684
0.027961241,0.167507882
0.026557016,0.164217571
0.023867712,0.157314411
0.023836921,0.161004778
0.024417531,0.168054286
0.022187679,0.16473053
0.021893801,0.142120741
0.021263454,0.147497652
0.020665049,0.151555019
0.01942875,0.15922746
0.020982259,0.155510648
0.020824636,0.162189883
0.019615085,0.169119111
0.019298622,0.177767765
0.020179073,0.173566201
0.023212579,0.171856044
0.022771187,0.175728799
0.021908601,0.188138158
0.023410283,0.184689128
0.021796251,0.196123835
0.019340337,0.183638191
0.019912995,0.192174111
0.019052024,0.199904269
0.019679841,0.20690055
0.018808369,0.210466739
0.019783542,0.215461816
0.018883256,0.217498244
0.019344082,0.219592874
0.018797542,0.221479312
0.018922444,0.222635172
0.019149808,0.22426906
0.019570793,0.223411072
0.019735346,0.225
0.01994511,0.220917314
0.020081744,0.224297798
0.020335358,0.222161026
0.020580268,0.223498072
0.020722271,0.225
0.020820645,0.224227772
0.021170011,0.212956815
0.022158148,0.215391584
0.021224914,0.217820306
0.021341077,0.220401438
0.021381311,0.222984279
0.021365968,0.224463759
0.021442622,0.22379918
0.021709197,0.225
0.022135103,0.224291845
0.022146561,0.221955805
0.022378736,0.223324198
0.022696122,0.225
0.0232863,0.224104959
0.023427296,0.221131256
0.02296216,0.219224779
0.022892602,0.206178707
0.022722332,0.209704863
0.021227761,0.203445473
0.023182,0.200031273
0.025048605,0.203723583
0.025532672,0.207331382
0.024510703,0.213553998
0.024101355,0.217159722
0.0235533,0.222706201
0.023683047,0.225
0.024004569,0.22447996
0.0242736,0.221958519
0.024378959,0.223814882
0.02470406,0.219581388
0.025028707,0.221196918
0.024669972,0.225
0.024997827,0.222663792
0.025509061,0.22395786
0.025656897,0.225
0.02662878,0.215907493
0.026359102,0.218372074
0.026346004,0.220388824
0.026067961,0.223036652
0.026245026,0.224433363
0.02620093,0.22195816
0.026643822,0.225
0.02654785,0.223755224
0.026908511,0.22440686
0.027084136,0.222848225
0.027475111,0.223845714
0.027630747,0.225
0.027756437,0.221530884
0.028016038,0.219637456
0.027564487,0.21338666
0.02740277,0.205559683
0.026425287,0.210575855
0.026567265,0.200244889
0.028090982,0.203122951
0.028125,0.197586932
0.028145473,0.190607929
0.026137957,0.183734335
0.0259813,0.187450619
0.025388123,0.196752002
0.024499006,0.192199349
0.025709801,0.17635416
0.024182752,0.180172125
0.025339079,0.173755088
0.02695352,0.170912781
0.027881567,0.174360266
0.028305845,0.177898293
0.028487529,0.18150066
0.03016616,0.179395209
0.030353953,0.175240501
0.029916403,0.169396922
0.030291105,0.172303557
0.03226102,0.170245761
0.032697267,0.172215038
0.032817477,0.175591194
0.03198275,0.173762914
0.032731257,0.177716627
0.03214229,0.179512204
0.030859375,0.177539714
0.030932617,0.181102006
0.031053157,0.183590608
0.030645474,0.186063155
0.032644029,0.185882266
0.03176157,0.188054827
0.031828218,0.193300378
0.032198952,0.190326699
0.032822534,0.192217381
0.031668219,0.196975413
0.030646649,0.192184455
0.030983011,0.194723054
0.029894513,0.196390701
0.030389137,0.189790011
0.029185632,0.187767626
0.028582148,0.185017806
0.028159217,0.194325732
0.029543529,0.200558034
0.030348016,0.203190626
0.029635706,0.205460894
0.028704433,0.208245603
0.028883261,0.215403966
0.028359313,0.217549139
0.028263871,0.224171622
0.028617673,0.225
0.028460028,0.222956418
0.028784973,0.221929541
0.029135794,0.224055979
0.029872572,0.218983152
0.02940295,0.220997562
0.02951262,0.222229938
0.029604598,0.225
0.03000887,0.223261846
0.030036142,0.224263787
0.030405329,0.216956312
0.02957847,0.213537259
0.029360419,0.211341391
0.030961112,0.212752822
0.031192412,0.214747198
0.030591523,0.225
0.030840408,0.224000249
0.030903463,0.22200509
0.031215798,0.223182328
0.031249373,0.224478849
0.031578448,0.225
0.031295972,0.220254791
0.03176804,0.218427347
0.032022181,0.223918744
0.032304066,0.222725712
0.032565373,0.225
0.03258293,0.221383735
0.032367542,0.216602019
0.031793061,0.211158318
0.032651082,0.206302144
0.03175795,0.205069463
0.030938815,0.209567052
0.031459207,0.207337432
0.03053712,0.198342377
0.031445947,0.199865178
0.031893961,0.201782824
0.031791296,0.20334102
0.032545577,0.198678007
0.033339353,0.200423378
0.033133917,0.203428818
0.033556473,0.201909019
0.033803128,0.197420054
0.034440083,0.199060662
0.035089452,0.198033337
0.034800189,0.200295687
0.034604326,0.202674451
0.034686706,0.204066055
0.034595596,0.201375874
0.035131877,0.205224664
0.03512168,0.206552311
0.034997003,0.208140098
0.034871553,0.210901338
0.034606668,0.209620297
0.034117139,0.208726177
0.0336665,0.210990657
0.03372728,0.205433861
0.033574989,0.207401118
0.03295147,0.20931575
0.032881199,0.212979943
0.033466846,0.217961127
0.033271121,0.214995778
0.033202305,0.219747014
0.033073739,0.224335485
0.033249385,0.223508049
0.033660623,0.222427239
0.033552298,0.225
0.033979457,0.224250631
0.03455175,0.218861206
0.034131152,0.221142562
0.034539223,0.225
0.034455917,0.223390601
0.03500605,0.2242697
0.035132827,0.222354355
0.034638922,0.220029601
0.035136815,0.21589341
0.034825887,0.217584838
0.034124576,0.216425202
0.034544249,0.215249727
0.034520573,0.213966765
0.03477547,0.212230412
0.035520017,0.211349486
0.035970379,0.212074105
0.036170482,0.211198932
0.035932955,0.213429197
0.036042225,0.216165394
0.035924597,0.217223329
0.035668162,0.214967479
0.03525904,0.216691377
0.035709346,0.218246078
0.035602338,0.219437363
0.035553053,0.220808594
0.035526149,0.225
0.035681787,0.223518365
0.035852264,0.22439136
0.036107515,0.222691516
0.036209884,0.221868621
0.036610404,0.219901994
0.036600359,0.218687646
0.036915355,0.221645689
0.036545848,0.220925661
0.036513074,0.225
0.036542155,0.224124077
0.036692032,0.223295144
0.036821043,0.222421094
0.037013807,0.224532671
0.0375,0.225
0.0375,0.224006608
0.0375,0.223006578
0.0375,0.222006549
0.0375,0.221006519
0.0375,0.22000649
0.037039063,0.220460166
0.0375,0.21900646
0.0375,0.218006431
0.0375,0.217006401
0.0375,0.216006372
0.0375,0.215006342
0.036744366,0.216600193
0.036667147,0.217630079
0.036832228,0.215569583
0.036871913,0.213508723
0.036667294,0.214499523
0.036780653,0.211589245
0.036759316,0.212602301
0.0375,0.214006313
0.0375,0.213006283
0.0375,0.212006254
0.0375,0.211006224
0.0375,0.210006195
0.0375,0.209006165
0.0375,0.208006136
0.0375,0.207006106
0.0375,0.206006077
0.0375,0.205006047
0.036938617,0.207571114
0.036819594,0.206822489
0.036700125,0.20607642
0.036908024,0.205465131
0.036745341,0.20468205
0.036777745,0.208448549
0.036733668,0.209549598
0.036783743,0.210647643
0.035833347,0.208941164
0.035789111,0.210315837
0.035831487,0.2044028
0.036182217,0.206530224
0.036095747,0.207572287
0.036088736,0.205561866
0.035690487,0.203233606
0.035623854,0.202044215
0.035646001,0.200908466
0.035684379,0.199802463
0.035768571,0.198760481
0.035995651,0.197811928
0.036816523,0.197639275
0.036701025,0.198438639
0.036590038,0.200437691
0.036625407,0.199408441
0.036580546,0.20149564
0.0366438,0.203650438
0.036595084,0.202572701
0.0375,0.204006018
0.0375,0.203005988
0.0375,0.202005959
0.0375,0.201005929
0.0375,0.2000059
0.0375,0.19900587
0.0375,0.198005841
0.0375,0.197005811
0.0375,0.196005782
0.0375,0.195005752
0.0375,0.194005723
0.036692768,0.195336483
0.036743601,0.196203478
0.036674944,0.19435675
0.036810166,0.193506941
0.036554633,0.192659343
0.036559547,0.191572907
0.036684425,0.190532359
0.0375,0.193005693
0.0375,0.192005664
0.0375,0.191005634
0.0375,0.190005605
0.0375,0.189005575
0.0375,0.188005546
0.0375,0.187005516
0.0375,0.186005487
0.0375,0.185005457
0.0375,0.184005428
0.0375,0.183005398
0.036856207,0.184297459
0.036593959,0.18344592
0.036486357,0.185581311
0.036496103,0.184821279
0.036670685,0.187712634
0.03674755,0.188624639
0.036742072,0.189553742
0.03598674,0.18996645
0.035947464,0.189107829
0.036044067,0.188277344
0.035813768,0.187582659
0.036350327,0.186652279
0.036190972,0.184209209
0.035534216,0.185853291
0.035550969,0.184865003
0.035458322,0.183616416
0.035603863,0.19231376
0.035514364,0.190920685
0.035802844,0.193557186
0.036348149,0.196936336
0.035702371,0.195946321
0.035743889,0.194728418
0.035241755,0.197063899
0.035066044,0.19412995
0.034436713,0.19187487
0.034294444,0.193331694
0.034445445,0.194892234
0.034448682,0.196226909
0.033014166,0.195791495
0.03286124,0.194085706
0.033948362,0.190590831
0.033649789,0.187435881
0.033617978,0.189118153
0.033208996,0.18377873
0.033894311,0.186371502
0.03458413,0.183897694
0.034337446,0.185355474
0.035027366,0.188344767
0.035045378,0.189717638
0.034945981,0.186812388
0.034909982,0.18292381
0.034626617,0.181788151
0.03480089,0.175967993
0.034729727,0.178366817
0.034702555,0.179239471
0.034243393,0.177214714
0.034126091,0.180315284
0.034041055,0.182847212
0.032875548,0.181847673
0.03359375,0.178725308
0.033629609,0.173752513
0.033663805,0.171069838
0.034192138,0.169825504
0.034357063,0.1721575
0.034073462,0.174929216
0.034884496,0.173245813
0.035041537,0.174413136
0.034811535,0.170905389
0.035456629,0.169033809
0.03540203,0.171595237
0.035766298,0.170941184
0.035545391,0.170129488
0.03581335,0.173454965
0.036091235,0.174255224
0.035843204,0.175241512
0.035575344,0.172457037
0.035765363,0.176530994
0.035535246,0.177788528
0.035574835,0.178865902
0.035535948,0.181114816
0.035489893,0.179923911
0.035845499,0.182469793
0.036508319,0.177352893
0.036783362,0.176507604
0.036518004,0.179457097
0.036521668,0.178412814
0.03652277,0.180529205
0.036604818,0.181662554
0.036808855,0.182517807
0.0375,0.182005369
0.0375,0.181005339
0.0375,0.18000531
0.0375,0.17900528
0.0375,0.178005251
0.0375,0.177005221
0.0375,0.176005192
0.0375,0.175005162
0.0375,0.174005133
0.0375,0.173005103
0.036718578,0.174639109
0.03664313,0.175643721
0.036584752,0.172685454
0.0367339,0.173683902
0.03640962,0.171603599
0.036538023,0.170536535
0.036506829,0.169534879
0.0375,0.172005074
0.0375,0.171005044
0.0375,0.170005015
0.0375,0.169004985
0.0375,0.168004956
0.0375,0.167004926
0.0375,0.166004897
0.0375,0.165004867
0.0375,0.164004838
0.0375,0.163004808
0.0375,0.162004779
0.036857177,0.163487617
0.036743549,0.162617152
0.036610317,0.164420948
0.036471641,0.166521598
0.036872694,0.165416909
0.036703342,0.167537549
0.036498195,0.168500547
0.036115493,0.165798197
0.035546875,0.167655717
0.035223551,0.166113462
0.035670577,0.164322334
0.035886729,0.162160872
0.03593202,0.163390338
0.035894086,0.16514082
0.036083524,0.161049488
0.036226345,0.158472658
0.036019912,0.159350977
0.035457357,0.160107695
0.035699553,0.157338971
0.035814957,0.15581325
0.036758136,0.155733557
0.03667311,0.156593204
0.036766016,0.157664216
0.036523799,0.160172424
0.036790742,0.160894528
0.036785338,0.161652617
0.036744839,0.159253944
0.03694744,0.158480034
0.037070218,0.16054562
0.0375,0.161004749
0.0375,0.16000472
0.0375,0.15900469
0.0375,0.158004661
0.0375,0.157004631
0.0375,0.156004602
0.0375,0.155004572
0.0375,0.154004543
0.0375,0.153004513
0.0375,0.152004484
0.036577784,0.154782891
0.036450068,0.15365813
0.036437585,0.152448013
0.036637848,0.151345855
0.036809965,0.150350007
0.036814351,0.148733613
0.03694832,0.149525381
0.0375,0.151004454
0.0375,0.150004425
0.0375,0.149004395
0.0375,0.148004366
0.0375,0.147004336
0.036997364,0.145390358
0.036951523,0.144710605
0.0375,0.146004307
0.0375,0.145004277
0.0375,0.144004248
0.0375,0.143004218
0.0375,0.142004189
0.0375,0.141004159
0.037026342,0.143462732
0.036488467,0.142882964
0.036561965,0.143961639
0.036725056,0.146886254
0.036820683,0.146197287
0.036602233,0.147653786
0.035947821,0.146673297
0.036198284,0.1451925
0.036332176,0.141419883
0.035201079,0.142414746
0.035297709,0.14391334
0.035657366,0.147775403
0.036071034,0.148499235
0.036117282,0.149534468
0.0360633,0.150629647
0.035460208,0.151589084
0.035443544,0.154483291
0.035077383,0.153086014
0.034503487,0.152138991
0.035093874,0.150238021
0.035019969,0.148765302
0.034886751,0.145585765
0.034776471,0.141014968
0.034229947,0.142035254
0.034510023,0.147265126
0.033866864,0.14469653
0.033738817,0.143151072
0.03320342,0.141560229
0.033344737,0.146132339
0.032907356,0.147800407
0.033851838,0.148574707
0.033888543,0.149801934
0.034013133,0.151107353
0.033854064,0.154541483
0.033391416,0.152742944
0.033248441,0.157912969
0.03311502,0.161097001
0.033921833,0.15881497
0.033623379,0.156338877
0.03442619,0.157553841
0.034749231,0.155448848
0.034862271,0.156490787
0.035134711,0.15882803
0.035064769,0.161311154
0.034193742,0.160196951
0.034053193,0.161615556
0.034714831,0.162724334
0.035013057,0.163813281
0.034871863,0.164773035
0.034445725,0.168558617
0.033674675,0.167265282
0.033875992,0.163856367
0.033560337,0.165361086
0.033204088,0.162487423
0.033258771,0.168786493
0.031819178,0.16813754
0.031812942,0.166201571
0.031923601,0.163921122
0.032546286,0.15954284
0.032400212,0.15554156
0.031725432,0.157422336
0.031595351,0.161531572
0.030505013,0.155256249
0.030240239,0.167305357
0.029693164,0.165293032
0.029663943,0.162604688
0.028982768,0.158005768
0.030357881,0.159973981
0.029884909,0.151075394
0.028880127,0.153503127
0.028280958,0.14897943
0.029039646,0.141177301
0.029712836,0.146223064
0.03030308,0.143382518
0.031199816,0.141482333
0.031217121,0.152930816
0.03112465,0.14886892
0.032293171,0.154148857
0.032369099,0.150839502
0.032827417,0.149202214
0.031831177,0.146744973
0.032066305,0.144700134
0.032102288,0.142855257
0.032656601,0.13914807
0.032344194,0.137769124
0.032335716,0.140292298
0.032077801,0.133992276
0.032474428,0.135953719
0.032536639,0.130620206
0.032144896,0.128987423
0.031956592,0.131983855
0.031400466,0.130477002
0.030951862,0.139280029
0.030877172,0.13726447
0.030345863,0.135475357
0.028208678,0.137826755
0.028205359,0.134585115
0.02818691,0.131749759
0.028591171,0.126881008
0.03019602,0.133200626
0.030403593,0.131417394
0.029955817,0.129369582
0.030313942,0.121583633
0.028747696,0.12395744
0.028215475,0.113876928
0.030009003,0.119473818
0.030018767,0.115166567
0.031189191,0.117252741
0.031018114,0.123639098
0.031177742,0.126309303
0.032021969,0.119749691
0.032115117,0.122010406
0.032441,0.124614135
0.032644109,0.123384071
0.031727259,0.114527285
0.033177824,0.114077001
0.033267733,0.115897191
0.033188123,0.118048939
0.033540238,0.119530207
0.033923726,0.113093811
0.034428462,0.114425713
0.034444743,0.115705041
0.035078278,0.112974967
0.034816601,0.116861723
0.034586163,0.1186914
0.034486568,0.120199056
0.034865882,0.123084753
0.034710046,0.121641674
0.034649722,0.125179742
0.034679482,0.12614911
0.034005135,0.1241188
0.033641179,0.122537917
0.033419186,0.120944825
0.033353637,0.125619388
0.033298827,0.128849904
0.033139697,0.127347105
0.033505083,0.129938861
0.033522304,0.131306388
0.033496898,0.132807721
0.033662303,0.139991225
0.033921076,0.138429082
0.033553208,0.137074768
0.033973238,0.134513151
0.034064381,0.13606903
0.034888305,0.13951933
0.03513881,0.138458752
0.035071457,0.1371787
0.035187238,0.135549499
0.03504171,0.130467718
0.034872121,0.133068611
0.034549037,0.131953749
0.034473228,0.128746399
0.034922274,0.127371798
0.035681527,0.129134137
0.035723475,0.128115234
0.035943908,0.127229093
0.036268292,0.130902934
0.035884644,0.133034616
0.035694934,0.131956496
0.035633582,0.134145611
0.0359076,0.138109755
0.035904487,0.139057128
0.035912686,0.140164437
0.036154817,0.136283669
0.036225766,0.135106637
0.036575747,0.134255283
0.036930763,0.134791383
0.036872445,0.135614381
0.036916142,0.1364685
0.03653751,0.137367422
0.036739077,0.139536558
0.036829541,0.140437444
0.036711427,0.138523455
0.0375,0.14000413
0.0375,0.1390041
0.0375,0.138004071
0.0375,0.137004041
0.0375,0.136004012
0.0375,0.135003982
0.0375,0.134003953
0.0375,0.133003923
0.0375,0.132003894
0.0375,0.131003864
0.036962478,0.131248023
0.036586827,0.133465161
0.036629856,0.132532336
0.036612334,0.131729601
0.036947495,0.130595259
0.036506703,0.129817638
0.036604518,0.128612086
0.036715396,0.127597888
0.0375,0.130003835
0.0375,0.129003805
0.0375,0.128003776
0.0375,0.127003746
0.0375,0.126003717
0.0375,0.125003687
0.0375,0.124003658
0.0375,0.123003628
0.0375,0.122003599
0.0375,0.121003569
0.0375,0.12000354
0.036861672,0.121527156
0.036695759,0.119733025
0.03676124,0.120755952
0.036554142,0.122458632
0.036419481,0.123990041
0.036579007,0.124798827
0.03677366,0.123355234
0.036796251,0.125586962
0.03655611,0.12650983
0.035894676,0.123320214
0.035795607,0.125592808
0.035579476,0.126570528
0.035414752,0.124418604
0.035603545,0.12238386
0.035390377,0.120638821
0.035992978,0.121414028
0.036100443,0.120413525
0.036269102,0.117138068
0.035821808,0.118050024
0.03566186,0.119525798
0.035610625,0.11472518
0.035289952,0.115543225
0.03583001,0.113748467
0.036051501,0.115242641
0.036225642,0.116119108
0.036333555,0.11455469
0.036289428,0.113016403
0.036737751,0.113809519
0.036797732,0.115271003
0.036669755,0.118639938
0.036777096,0.117602319
0.036854368,0.116773274
0.0375,0.11900351
0.0375,0.118003481
0.0375,0.117003451
0.0375,0.116003422
0.0375,0.115003392
0.036973514,0.114530856
0.0375,0.114003363
0.0375,0.113003333
0.0375,0.112003304
0.0375,0.111003274
0.0375,0.110003245
0.036733179,0.112277948
0.036569644,0.111282696
0.036737903,0.109501418
0.036895057,0.110433795
0.036839369,0.107470077
0.036694044,0.108396582
0.036686332,0.106503805
0.0375,0.109003215
0.0375,0.108003186
0.0375,0.107003156
0.0375,0.106003127
0.0375,0.105003097
0.0375,0.104003068
0.0375,0.103003038
0.0375,0.102003009
0.0375,0.101002979
0.0375,0.10000295
0.0375,0.09900292
0.036979527,0.09864036
0.036752531,0.101636825
0.03652375,0.099295222
0.036604438,0.100559687
0.036905004,0.102483328
0.03675162,0.103293704
0.036901795,0.104632939
0.036736265,0.105438433
0.036646081,0.104050499
0.036183947,0.104699611
0.035926517,0.103751101
0.03602087,0.102480064
0.035962685,0.101291294
0.035350177,0.100135521
0.035237979,0.104525878
0.035770402,0.108957693
0.035645515,0.10578802
0.035816467,0.107443655
0.036067912,0.110213977
0.035775644,0.112034717
0.035515717,0.111011854
0.034748617,0.109906766
0.034557185,0.108283203
0.034296229,0.106598018
0.03439543,0.111560369
0.033041183,0.110468989
0.03311953,0.107763826
0.033488091,0.109079277
0.033680244,0.102932976
0.033650497,0.105376579
0.033124188,0.101371951
0.034241579,0.099244318
0.034079733,0.100372758
0.03411573,0.104312735
0.034601784,0.105321064
0.034954379,0.103282736
0.034743129,0.101693603
0.034937742,0.097184098
0.034706881,0.09354785
0.034416791,0.094451755
0.034284612,0.092402965
0.034167723,0.095939724
0.033637264,0.097763544
0.03288623,0.094534245
0.033744241,0.093505756
0.033549964,0.091044437
0.033032736,0.089300314
0.033391397,0.087377808
0.033971903,0.085671471
0.034868683,0.088351116
0.034642274,0.089982959
0.034757624,0.091193447
0.034807184,0.086762091
0.034943948,0.085850326
0.035072427,0.085075454
0.035789704,0.086014711
0.036118891,0.084902856
0.035868726,0.087305506
0.035995098,0.08945093
0.036195353,0.088344704
0.03573441,0.090670393
0.035576862,0.091866482
0.035532081,0.09296946
0.035530895,0.094033064
0.035464852,0.095149568
0.03528993,0.098494168
0.035626872,0.096313619
0.035945963,0.097380668
0.036542296,0.092455777
0.036511504,0.094550767
0.036539011,0.093510645
0.036534269,0.095605747
0.036601936,0.096614426
0.03644218,0.09823095
0.03677712,0.097446748
0.0375,0.098002891
0.0375,0.097002861
0.0375,0.096002832
0.0375,0.095002802
0.0375,0.094002773
0.0375,0.093002743
0.0375,0.092002714
0.0375,0.091002684
0.0375,0.090002655
0.0375,0.089002625
0.0375,0.088002596
0.036704863,0.090345824
0.036595889,0.091390336
0.036721476,0.08896009
0.036903781,0.089557944
0.036938824,0.088384794
0.036660254,0.086643032
0.03677729,0.087613955
0.036563384,0.085783143
0.036912921,0.085216266
0.0375,0.087002566
0.0375,0.086002537
0.0375,0.085002507
0.0375,0.084002478
0.0375,0.083002448
0.0375,0.082002419
0.0375,0.081002389
0.0375,0.08000236
0.0375,0.07900233
0.0375,0.078002301
0.037038827,0.078435369
0.036798851,0.080444917
0.036663272,0.0787767
0.036492035,0.077960145
0.036633788,0.079606137
0.036436612,0.081371681
0.036489394,0.082679561
0.036931178,0.083547757
0.036882329,0.084390288
0.036181087,0.083760671
0.035396845,0.08408759
0.035233177,0.083025184
0.035238063,0.081146563
0.035642333,0.082048051
0.035651707,0.07887952
0.035923855,0.080242019
0.036125527,0.076670827
0.035877025,0.075501613
0.03567152,0.07156576
0.035904985,0.070411233
0.035801311,0.073579734
0.036091958,0.072602156
0.036785652,0.070775764
0.03677358,0.071745869
0.036923795,0.072544202
0.036709764,0.073376247
0.036441519,0.074527053
0.036734288,0.075704707
0.036943807,0.077239853
0.036960725,0.07652398
0.0375,0.077002271
0.0375,0.076002242
0.0375,0.075002212
0.0375,0.074002183
0.0375,0.073002153
0.0375,0.072002124
0.0375,0.071002094
0.0375,0.070002065
0.0375,0.069002035
0.0375,0.068002006
0.0375,0.067001976
0.036899911,0.069455515
0.036718033,0.068753193
0.03664627,0.070028318
0.0366031,0.06778484
0.036580742,0.066733133
0.036577486,0.065785451
0.036710901,0.063696437
0.036837769,0.064999229
0.036920104,0.064476101
0.037102803,0.065455266
0.0375,0.066001947
0.0375,0.065001917
0.0375,0.064001888
0.0375,0.063001858
0.0375,0.062001829
0.0375,0.061001799
0.0375,0.06000177
0.0375,0.05900174
0.0375,0.058001711
0.0375,0.057001681
0.036958954,0.059626001
0.036806192,0.059147557
0.03691024,0.057469442
0.036824645,0.056593885
0.036636916,0.058446985
0.036813485,0.060349028
0.036851019,0.061201728
0.036565494,0.062660082
0.036474633,0.061825736
0.035965314,0.060829278
0.036105624,0.05943359
0.036024634,0.057302977
0.035733035,0.058327211
0.035479439,0.062076971
0.035418926,0.066064621
0.035727954,0.063357657
0.036051849,0.064681035
0.036135251,0.069491964
0.035738393,0.067323084
0.035520055,0.068506194
0.035101656,0.069779536
0.034510358,0.067360625
0.034541443,0.063975564
0.034771239,0.064745932
0.035130915,0.063975992
0.03463894,0.060899319
0.035121588,0.059952836
0.035090414,0.057663535
0.034983471,0.056393663
0.034807587,0.058788965
0.034090472,0.059813029
0.034406702,0.063050897
0.034121504,0.061860535
0.033878581,0.057488484
0.033630213,0.058842629
0.032980844,0.059568226
0.033054408,0.060862861
0.033910857,0.064190071
0.033648667,0.065611417
0.033797842,0.068999837
0.032995815,0.072684594
0.033312335,0.075533715
0.033585038,0.073980468
0.033852904,0.076894659
0.034207375,0.070463889
0.034235715,0.071705184
0.035031699,0.070791584
0.034801432,0.072904897
0.034956008,0.074517114
0.034856768,0.076126348
0.034510749,0.078831871
0.035011583,0.077638287
0.034789419,0.079988872
0.034813801,0.082018434
0.034057693,0.08261036
0.034037062,0.083994945
0.033817979,0.081218211
0.033591389,0.078104642
0.033472047,0.079539332
0.03232203,0.082752898
0.03202729,0.080460895
0.032095385,0.078631217
0.031578316,0.075880758
0.030666301,0.077398688
0.030889709,0.072472366
0.031859601,0.074262018
0.032491623,0.077069991
0.032602723,0.070780873
0.032804505,0.067302828
0.031801361,0.06874605
0.032573935,0.063863263
0.032725677,0.062461979
0.032359908,0.058443265
0.031836167,0.056742529
0.031129357,0.061616395
0.03156342,0.059855843
0.031068157,0.063517919
0.031544019,0.065735542
0.031523298,0.067359542
0.029916051,0.067548546
0.030185574,0.070195698
0.02937631,0.065044284
0.030350099,0.058356995
0.029374043,0.056387679
0.029027461,0.062705944
0.02931567,0.060341024
0.028321642,0.07229981
0.029572508,0.075133628
0.030457966,0.0792347
0.030059422,0.083899376
0.029469229,0.081281184
0.028989274,0.087622194
0.02873224,0.092775687
0.028497791,0.094796741
0.029934885,0.096948314
0.030428659,0.091331687
0.030012763,0.0893729
0.030543005,0.085869945
0.031379176,0.089720389
0.031376175,0.087927403
0.032205357,0.084741661
0.032291702,0.086254452
0.032157865,0.090794405
0.03242669,0.092591965
0.032202375,0.096177295
0.03188107,0.097805679
0.030727945,0.094162644
0.030895218,0.099020193
0.031063888,0.101176917
0.030742907,0.103619909
0.032740431,0.099499527
0.032338643,0.102615186
0.03255827,0.104440445
0.031796935,0.107391822
0.031898271,0.109020005
0.032680471,0.106210634
0.032541938,0.112441007
0.031498992,0.110865974
0.030697349,0.106015942
0.030581151,0.107998926
0.029957143,0.109879959
0.030056428,0.112519913
0.029063598,0.102313524
0.028526668,0.099807619
0.028556057,0.107686903
0.027155499,0.111205354
0.02703211,0.10218408
0.027944191,0.104781519
0.027908358,0.090282443
0.028107007,0.085488997
0.026185607,0.087697632
0.026114776,0.093322869
0.02681313,0.096868028
0.025150962,0.084603923
0.024852015,0.090351659
0.024854343,0.100147565
0.024664211,0.10386848
0.024840961,0.107784232
0.023083284,0.111970649
0.022066972,0.102374367
0.02113732,0.099448475
0.02122956,0.105939734
0.021096557,0.109166994
0.022108172,0.087846563
0.021929405,0.092367099
0.02294616,0.096185049
0.022969001,0.079015391
0.023303121,0.07651351
0.02264161,0.0736338
0.022728872,0.070612009
0.020984013,0.082352039
0.019435269,0.07694113
0.018774443,0.071169416
0.01910753,0.0576413
0.022120011,0.059807665
0.021874062,0.067601563
0.02176541,0.063621672
0.025065892,0.058331331
0.02484953,0.065307016
0.024983466,0.068525241
0.02520806,0.078043173
0.025669861,0.080997311
0.025424018,0.071581287
0.026187464,0.074982608
0.027691296,0.083254158
0.028041897,0.078344667
0.027681367,0.069427521
0.02734782,0.066597744
0.027354349,0.06416001
0.025920423,0.06156716
0.027636051,0.058376542
0.026618074,0.056020757
0.025817172,0.053140878
0.026793001,0.046582733
0.028029962,0.044376047
0.027873767,0.039700314
0.027011947,0.042133782
0.027252596,0.028888053
0.026982263,0.032113447
0.025871486,0.036137961
0.0248,0.029487149
0.024317648,0.04010463
0.024263015,0.046724304
0.024911029,0.043893304
0.025552025,0.049549204
0.023034902,0.055884529
0.022608773,0.052030524
0.022202978,0.048494714
0.021764369,0.045136651
0.019849438,0.054247647
0.019109482,0.050892404
0.020785912,0.039924913
0.021543334,0.036738069
0.022185626,0.04219898
0.022370629,0.032204586
0.022570128,0.024249995
0.022412243,0.021686505
0.02167679,0.027351432
0.018815265,0.023449196
0.020370211,0.01793527
0.02099155,0.008226727
0.018877454,0.004621219
0.019227512,0.002999285
0.019106653,0.000915547
0.019485808,0
0.019921694,0.001696252
0.019949514,0.000704359
0.020486578,0
0.020244078,0.006125055
0.020246912,0.004752016
0.020314448,0.003639792
0.020731184,0.002602609
0.020746838,0.000909995
0.021016366,0.001687523
0.021503628,0.003267821
0.021487347,0
0.021704655,0.001078078
0.022125456,0.00052401
0.02197746,0.00215068
0.022231055,0.006421319
0.021551665,0.004621997
0.021304395,0.010512277
0.022478723,0.013588157
0.023440495,0.008310357
0.023313799,0.004785179
0.022488157,0
0.022815613,0.001005267
0.022943384,0.003324028
0.023097185,0.002055744
0.023488966,0
0.023685996,0.001499809
0.023957027,0.000733813
0.023868016,0.006152153
0.024425925,0.00361315
0.024127229,0.002340193
0.024440152,0.001361477
0.024489736,0
0.024884148,0.000670598
0.025001795,0.001852867
0.025191032,0.001230057
0.025490506,0
0.02576843,0.000723057
0.025301544,0.002667763
0.025709877,0.003692785
0.025742412,0.006870291
0.025076305,0.004956484
0.02562318,0.009033665
0.025494862,0.013093573
0.024253083,0.011017067
0.024957856,0.026784306
0.025676932,0.023412435
0.024674069,0.019627178
0.02528672,0.016231244
0.027617479,0.026741316
0.027199957,0.020755801
0.027141297,0.018702822
0.027972403,0.013936052
0.027186639,0.00828556
0.027483378,0.010695346
0.02594011,0.001656551
0.026491315,0
0.026622783,0.00282649
0.026972122,0.001533082
0.026728427,0.000766912
0.027492124,0
0.027468842,0.002250831
0.027191051,0.004664943
0.027795394,0.006702596
0.027963781,0.002975554
0.027806663,0.00080039
0.028262888,0.001711001
0.028492894,0
0.028896399,0.000799183
0.029229903,0.002609998
0.028952418,0.003816106
0.029243738,0.008170122
0.02992646,0.012050992
0.029938438,0.010088482
0.030364885,0.003590155
0.029613127,0.005522064
0.029354987,0.001593394
0.029493664,0
0.029946886,0.000835744
0.030438375,0.002014506
0.030494473,0
0.030972376,0.000923428
0.031405538,0.007027968
0.031495283,0
0.031508566,0.001709902
0.031950674,0.00098042
0.031686786,0.002845275
0.032496052,0
0.032442955,0.001948554
0.03223772,0.004758782
0.032745415,0.008205917
0.032470999,0.009487558
0.03213913,0.012348654
0.031449111,0.01057499
0.031253839,0.008890229
0.030541896,0.014262122
0.031154782,0.01872838
0.031673767,0.016358793
0.032630176,0.014418555
0.032656875,0.023576136
0.0318329,0.025513565
0.031471353,0.02787235
0.03125,0.02150045
0.030537266,0.023894589
0.029895757,0.026075851
0.029129023,0.019775949
0.028927347,0.016741666
0.028619454,0.024496368
0.028735439,0.022305932
0.02929609,0.027936919
0.028667655,0.034808391
0.029859416,0.030266206
0.030051392,0.032999986
0.029331722,0.037293515
0.029315366,0.04638481
0.028685749,0.04857163
0.028369918,0.051332325
0.028684477,0.05404221
0.029927326,0.042594615
0.030154799,0.044760249
0.031374948,0.046095097
0.030853863,0.047929057
0.030636517,0.050118502
0.030825916,0.052578051
0.031096241,0.054795475
0.032508752,0.053557335
0.032599651,0.051234619
0.032643499,0.047317016
0.032467096,0.04908729
0.032126395,0.044350676
0.03256323,0.042120201
0.032829144,0.039880076
0.032492647,0.035691546
0.03196726,0.037609889
0.030777046,0.039935989
0.030833115,0.035568544
0.031640533,0.031849462
0.032311822,0.033878213
0.032311582,0.030203988
0.033501577,0.031825188
0.033514336,0.034979886
0.033979255,0.033679086
0.033532037,0.030295677
0.03364452,0.028707954
0.034715241,0.028168506
0.034882378,0.031535457
0.034686092,0.030426092
0.034814418,0.032678203
0.035044842,0.033799271
0.034743376,0.034914419
0.034939612,0.037546284
0.034608466,0.039017111
0.034926399,0.041430023
0.034566661,0.040327105
0.033869556,0.041299244
0.033836701,0.036421197
0.033636237,0.038094911
0.033879299,0.043623542
0.032851281,0.045923891
0.033348094,0.055465045
0.03400648,0.05254993
0.033836531,0.04973596
0.034234596,0.051107224
0.034294919,0.054082419
0.034821386,0.055165297
0.035112879,0.052014538
0.034840687,0.050127134
0.034918738,0.049208021
0.035117742,0.047350002
0.034232061,0.048197893
0.034081574,0.04667392
0.034036166,0.045154822
0.034284322,0.042351773
0.035139631,0.04451928
0.03512605,0.0432445
0.035285154,0.042278438
0.036018405,0.043899033
0.036125118,0.042747033
0.036091193,0.044913045
0.036129506,0.047375019
0.035629624,0.048488543
0.035515947,0.046014636
0.03568791,0.049712311
0.035525659,0.050872153
0.0352962,0.053131594
0.035619061,0.055478422
0.035861384,0.054406936
0.036106606,0.056152452
0.036313205,0.055262869
0.036078786,0.052453086
0.035964281,0.051656373
0.03652419,0.050338709
0.036603735,0.049305736
0.036722347,0.051795674
0.036840701,0.052496182
0.036383613,0.051136104
0.036402371,0.053229051
0.036893907,0.055627066
0.036845752,0.05468254
0.036831786,0.05387248
0.0375,0.056001652
0.0375,0.055001622
0.0375,0.054001593
0.0375,0.053001563
0.0375,0.052001534
0.0375,0.051001504
0.0375,0.050001475
0.0375,0.049001445
0.0375,0.048001416
0.0375,0.047001386
0.0375,0.046001357
0.036715641,0.048270881
0.036930875,0.047453076
0.036809226,0.046616679
0.036797681,0.0444781
0.036721045,0.045514622
0.036812415,0.043463619
0.03692856,0.042650137
0.0375,0.045001327
0.0375,0.044001298
0.0375,0.043001268
0.0375,0.042001239
0.0375,0.041001209
0.0375,0.04000118
0.0375,0.03900115
0.0375,0.038001121
0.0375,0.037001091
0.0375,0.036001062
0.03688303,0.038465685
0.036772188,0.037613068
0.036682383,0.035457645
0.03675647,0.03657443
0.036642281,0.039449519
0.036872461,0.040416835
0.036819341,0.041319714
0.036705269,0.042037525
0.03630334,0.04083586
0.0361963,0.040207194
0.035963881,0.041618862
0.035570032,0.040674578
0.035593388,0.039659181
0.035562094,0.036106039
0.035947244,0.038398593
0.036046382,0.037237487
0.035787296,0.033203265
0.035904086,0.034520199
0.035720448,0.032028437
0.035706641,0.030720581
0.035304118,0.029181002
0.036591191,0.029770945
0.036520424,0.028491719
0.036659012,0.030662883
0.036524481,0.031476405
0.036616747,0.032557623
0.036668257,0.033635715
0.036850945,0.034523119
0.0375,0.035001032
0.0375,0.034001003
0.0375,0.033000973
0.0375,0.032000944
0.0375,0.031000914
0.0375,0.030000885
0.037057521,0.030358053
0.0375,0.029000855
0.0375,0.028000826
0.0375,0.027000796
0.0375,0.026000767
0.0375,0.025000737
0.036664212,0.0273636
0.036798235,0.02542738
0.036789594,0.026374241
0.03681272,0.024478193
0.036715809,0.023512647
0.036737902,0.022543064
0.036836326,0.021742477
0.0375,0.024000708
0.0375,0.023000678
0.0375,0.022000649
0.0375,0.021000619
0.0375,0.02000059
0.0375,0.01900056
0.0375,0.018000531
0.0375,0.017000501
0.0375,0.016000472
0.0375,0.015000442
0.036866756,0.014313769
0.036807418,0.014862856
0.036747926,0.015432589
0.036609255,0.016334547
0.036530331,0.017326929
0.036516987,0.019303227
0.036528139,0.01833129
0.036500502,0.020274831
0.03611499,0.014704624
0.035969489,0.015662029
0.035408249,0.016584548
0.035483364,0.018646356
0.035638149,0.017710135
0.035645082,0.019630816
0.035286458,0.020576287
0.035264014,0.021687829
0.035236177,0.024271922
0.035623075,0.023018652
0.036297607,0.02116704
0.03614612,0.022001014
0.036097289,0.024030163
0.036098665,0.024869403
0.036088427,0.025840937
0.036111819,0.026680855
0.035563432,0.02763316
0.035417254,0.025359405
0.035314041,0.026351605
0.034145123,0.022451808
0.034231313,0.023818423
0.03434896,0.02546316
0.034354352,0.027132119
0.033156886,0.026656414
0.03326848,0.025010532
0.033009748,0.021697624
0.032876471,0.019998053
0.03307208,0.017995371
0.033716309,0.016006676
0.033983073,0.01440499
0.034088331,0.020913697
0.034438099,0.019353378
0.034616478,0.017713604
0.034967026,0.015253836
0.035070823,0.012564876
0.035041037,0.013883628
0.035172524,0.011288024
0.03519006,0.009117398
0.034372166,0.010361773
0.034329874,0.007925567
0.033726796,0.013130189
0.033907873,0.011712924
0.032965802,0.010584027
0.033679053,0.009280373
0.03332784,0.006625834
0.033079685,0.003084007
0.032871353,0.00114594
0.033258629,0.000674592
0.033423913,0.001194666
0.033496822,0
0.033560666,0.001925778
0.034005006,0.001032353
0.034497631,0
0.034418457,0.002962233
0.034130484,0.004057853
0.03403828,0.005390607
0.035172196,0.00646581
0.03478544,0.001891209
0.035104952,0.000907268
0.035681161,0.002857389
0.035498441,0
0.035964024,0.001588795
0.035946845,0.000674826
0.035993216,0.003661592
0.036336259,0.004452807
0.035273307,0.003957162
0.035205252,0.005121595
0.035451949,0.010247324
0.036096843,0.01199866
0.036125114,0.010851625
0.036029255,0.008825304
0.035819945,0.007872205
0.036823843,0.007595338
0.036679059,0.008480515
0.03637789,0.009598412
0.036447498,0.013365482
0.036909884,0.012415276
0.036855215,0.011506678
0.036871644,0.010591467
0.0375,0.014000413
0.0375,0.013000383
0.0375,0.012000354
0.0375,0.011000324
0.0375,0.010000295
0.0375,0.009000265
0.0375,0.008000236
0.0375,0.007000206
0.0375,0.006000177
0.0375,0.005000147
0.0375,0.004000118
0.03651533,0.006695502
0.036371339,0.00562412
0.036662655,0.002404614
0.036682137,0.00337901
0.03649921,0
0.036710229,0.000808501
0.03685689,0.001577757
0.0375,0.003000088
0.0375,0.002000059
0.0375,0.001000029
0.0375,0

!Finite elements count
3560

!Finite element type
3

!Finite elements: nId1, nId2, nId3
1,0,3
2,1,4
5,1,3
4,1,5
0,6,3
6,5,3
7,2,4
8,2,7
10,2,8
11,10,9
13,12,14
12,11,15
15,11,9
16,10,8
10,16,9
6,17,5
17,7,4
17,4,5
6,18,17
17,19,7
19,8,7
8,19,20
16,8,20
17,18,21
19,17,21
18,22,21
16,23,9
23,15,9
24,23,16
24,16,20
19,21,25
20,19,25
24,20,25
21,22,26
25,21,26
27,25,26
22,28,26
28,29,26
29,27,26
27,30,25
30,24,25
23,24,31
33,12,15
12,33,14
33,23,31
23,33,15
36,13,14
32,36,14
32,34,36
34,37,36
37,13,36
37,34,35
38,37,35
42,41,44
43,42,45
45,42,46
46,42,44
44,41,47
41,40,49
40,48,49
41,49,47
40,39,50
40,50,48
39,38,51
39,51,50
46,44,52
45,54,53
54,45,46
54,46,52
55,44,47
44,55,52
49,56,47
56,55,47
57,54,52
58,55,56
55,58,59
55,59,52
59,57,52
58,56,60
51,61,50
50,61,48
61,62,48
48,62,49
49,62,56
56,62,60
34,63,64
35,34,64
51,38,65
65,38,35
65,35,64
33,66,14
66,32,14
33,67,66
67,33,31
31,24,68
68,24,30
69,27,29
27,69,30
28,70,29
70,71,29
71,69,29
72,68,30
69,72,30
70,73,71
71,73,74
71,75,69
75,72,69
75,71,74
67,31,76
76,31,68
77,76,68
77,68,72
75,77,72
73,78,74
79,75,74
78,79,74
77,75,80
75,79,81
80,75,81
78,82,79
79,82,83
81,79,83
84,77,80
85,77,84
76,77,85
67,86,66
63,34,87
34,32,87
87,32,66
86,87,66
88,67,76
67,88,86
88,76,85
89,84,80
89,88,85
89,85,84
90,89,80
90,80,81
90,81,83
82,91,83
90,83,92
83,91,92
89,90,93
93,90,92
91,94,92
94,95,92
95,93,92
96,89,93
88,89,97
97,89,96
95,98,93
98,96,93
95,94,99
94,100,99
98,101,96
101,97,96
102,95,99
102,98,95
102,99,103
99,100,103
100,104,103
105,102,103
106,102,105
98,102,106
101,98,107
107,98,106
108,97,101
63,87,109
108,110,97
86,88,110
110,88,97
111,87,86
87,111,109
111,86,110
112,65,64
112,64,113
64,63,113
114,51,65
114,65,112
63,115,113
115,63,109
111,110,116
115,109,116
109,111,116
110,108,117
110,117,116
117,108,118
119,108,101
118,108,119
119,101,107
120,105,103
104,120,103
104,121,120
122,106,105
121,122,120
122,105,120
123,107,106
122,123,106
123,119,107
123,122,124
122,121,125
124,122,125
121,126,125
123,127,119
127,118,119
127,123,128
128,123,124
125,126,129
130,124,125
130,125,129
130,128,124
131,127,128
130,131,128
126,132,129
132,133,129
133,130,129
131,134,127
134,117,118
134,118,127
135,115,116
117,136,116
136,135,116
136,137,135
137,115,135
138,117,134
136,117,138
131,139,134
139,138,134
131,130,140
140,130,133
132,141,133
140,133,142
133,141,142
139,131,143
131,140,143
144,140,142
141,145,142
146,140,144
140,146,143
138,139,147
148,136,138
148,138,147
146,149,143
139,149,147
149,139,143
149,146,150
146,151,150
151,146,144
145,151,142
151,144,142
145,152,151
151,152,153
151,154,150
154,151,153
152,155,153
155,154,153
156,149,150
154,156,150
157,136,148
136,157,137
158,115,137
157,158,137
115,158,159
113,115,159
160,114,112
160,112,113
160,113,159
163,164,161
164,165,161
162,165,166
170,171,168
171,169,168
173,166,167
173,162,166
173,167,174
167,172,174
174,172,175
172,176,175
172,169,176
169,171,176
171,170,177
171,178,176
178,171,177
176,178,179
180,176,179
176,180,175
162,173,182
182,173,183
173,174,183
174,181,183
181,174,184
174,175,184
175,180,184
185,61,161
162,185,165
165,185,161
114,163,186
51,114,186
61,51,186
61,186,161
186,163,161
62,61,187
61,185,187
62,187,60
185,162,187
187,162,182
59,58,188
58,181,188
58,189,181
187,189,60
189,58,60
189,187,182
181,189,183
189,182,183
184,180,190
181,184,190
188,181,190
180,191,190
191,180,179
191,188,190
57,191,193
191,179,193
188,191,194
59,188,194
191,57,194
57,59,194
178,195,179
54,195,53
195,54,57
195,178,192
53,195,192
195,57,193
179,195,193
200,178,177
178,200,192
200,196,192
201,199,196
200,201,196
170,201,177
201,200,177
198,199,202
199,203,202
203,199,201
203,204,202
204,198,202
211,212,210
213,208,209
213,209,214
212,214,210
214,209,210
215,206,207
208,215,207
213,216,208
208,216,215
206,217,205
217,206,215
212,218,214
218,213,214
216,213,219
213,218,219
220,217,215
215,216,221
216,219,221
220,215,221
222,217,220
217,222,205
222,197,205
199,198,223
199,223,224
199,224,196
196,224,225
196,225,192
225,53,192
197,226,198
226,197,222
198,226,223
224,227,225
227,53,225
226,228,223
228,227,224
223,228,224
227,228,229
230,227,229
43,45,230
227,230,53
230,45,53
231,230,229
231,43,230
228,231,229
232,231,228
226,232,228
233,232,226
233,226,222
234,233,222
234,222,220
235,234,220
235,220,221
219,235,221
218,236,219
236,235,219
237,236,218
238,237,240
239,238,241
241,238,240
247,239,242
244,247,242
248,247,243
248,243,245
246,248,245
249,248,246
253,250,251
253,251,252
254,253,252
261,260,262
260,263,262
263,264,262
264,261,262
258,257,265
260,266,263
260,259,266
267,264,263
266,267,263
259,258,268
258,265,268
259,268,266
269,264,267
270,269,267
266,270,267
257,256,271
266,272,270
268,272,266
272,268,273
274,269,270
274,270,275
270,272,275
265,276,268
268,276,273
257,277,265
277,257,271
277,276,265
278,274,275
272,279,275
279,272,273
276,280,273
280,279,273
279,281,275
281,278,275
256,255,282
256,282,271
255,254,283
255,283,282
282,284,271
284,277,271
277,284,285
276,277,286
277,285,286
276,286,280
287,278,281
280,288,279
279,288,281
289,287,281
288,289,281
290,288,280
286,290,280
291,287,289
288,292,289
288,290,293
288,293,292
289,292,294
291,289,294
295,291,294
293,290,296
297,290,286
285,297,286
290,297,296
298,297,285
284,298,285
284,300,298
282,300,284
300,282,299
293,301,292
292,301,294
294,301,302
295,294,302
303,293,296
303,301,293
304,295,302
301,303,305
301,305,302
306,303,296
297,306,296
297,298,307
297,307,306
308,304,302
305,308,302
303,309,305
309,308,305
310,304,308
310,308,311
308,309,311
282,312,299
283,312,282
283,254,313
313,254,252
314,313,252
251,314,252
250,315,251
315,314,251
315,250,316
250,249,316
249,246,317
249,317,316
315,316,318
316,317,318
283,319,312
319,283,313
300,320,298
298,320,307
303,321,309
307,321,306
321,303,306
322,310,311
309,321,323
324,322,311
324,309,323
309,324,311
307,325,321
320,325,307
326,322,324
326,324,327
324,323,327
321,328,323
323,328,327
328,321,329
321,325,329
320,300,330
312,331,299
331,300,299
300,331,330
325,332,329
333,320,330
325,320,333
325,333,332
334,326,327
335,334,327
328,335,327
334,335,336
337,334,336
335,328,338
339,328,329
328,339,338
332,340,329
333,340,332
340,339,329
341,335,338
335,341,336
341,337,336
342,341,338
339,342,338
343,337,341
331,344,330
344,333,330
331,312,345
312,319,345
319,313,346
313,314,346
319,347,345
331,348,344
347,348,345
348,331,345
349,340,333
344,349,333
342,339,350
339,340,350
343,341,351
341,342,352
341,352,351
353,343,351
352,354,351
354,353,351
342,350,355
352,342,355
340,356,350
340,349,356
352,357,354
357,352,355
358,353,354
357,359,354
359,358,354
357,360,359
360,357,355
356,361,350
350,361,355
361,360,355
348,362,344
362,349,344
363,358,359
360,361,364
360,365,359
365,363,359
363,365,366
367,361,356
361,367,364
349,362,368
349,368,356
368,367,356
369,360,364
360,369,365
367,369,364
370,363,366
371,370,366
365,371,366
372,370,371
365,369,373
365,373,371
373,372,371
374,370,372
362,348,375
347,319,376
319,346,376
314,315,379
314,379,346
346,379,377
378,379,380
379,315,380
315,318,380
318,317,381
245,243,385
317,246,386
317,386,381
246,245,387
245,385,387
386,246,387
386,387,382
247,244,388
243,247,388
383,385,388
385,243,388
244,384,388
384,383,388
239,241,389
389,244,242
239,389,242
237,390,240
212,390,218
390,237,218
390,391,240
391,241,240
212,211,392
390,212,392
393,241,391
241,393,389
244,389,394
384,244,394
389,393,395
394,389,395
390,396,391
211,396,392
396,390,392
396,397,391
397,393,391
398,384,394
398,394,395
393,399,395
399,393,397
395,399,400
398,395,400
399,397,401
401,397,402
397,396,402
403,396,211
396,403,402
404,401,402
404,402,405
402,403,405
403,406,405
406,408,405
408,406,407
404,405,409
405,408,409
404,410,401
410,399,401
399,410,412
413,400,411
400,399,414
414,399,412
400,414,411
415,398,400
415,400,413
421,417,416
419,421,416
419,420,422
421,419,422
418,417,423
429,418,425
424,429,425
426,430,424
430,429,424
430,426,428
431,428,427
431,432,428
432,430,428
433,398,415
398,433,384
433,415,420
433,420,419
384,433,434
383,384,434
417,434,416
434,433,419
434,419,416
383,435,385
435,434,417
435,417,418
435,383,434
385,436,387
387,436,382
436,429,430
429,436,437
436,385,437
385,435,437
429,437,418
437,435,418
432,382,438
382,436,438
436,430,438
430,432,438
439,386,382
439,432,431
386,439,381
432,439,382
440,318,381
381,439,441
440,381,441
441,439,442
439,431,442
443,441,442
443,440,441
447,445,444
378,447,444
378,380,447
318,440,447
380,318,447
448,378,444
379,378,448
379,448,377
448,446,377
449,346,377
446,449,377
346,449,376
450,347,376
348,347,451
347,450,451
348,451,375
452,362,375
362,452,453
368,362,453
454,368,453
368,454,367
369,367,455
367,454,455
369,455,456
373,369,456
457,374,372
373,457,372
458,373,456
373,458,457
459,374,457
455,454,460
459,457,461
457,458,461
462,458,456
455,462,456
462,455,460
458,462,463
458,463,461
464,459,461
461,463,465
464,461,465
451,466,375
466,452,375
452,466,467
452,467,468
452,468,453
468,454,453
454,468,469
454,469,460
469,462,460
463,462,470
464,465,471
463,472,465
463,470,472
465,472,471
473,464,471
472,474,471
474,473,471
462,469,475
462,475,470
470,476,472
475,476,470
472,476,474
477,473,474
478,477,474
476,478,474
469,479,475
479,469,480
469,468,480
466,451,482
451,450,482
482,450,481
450,376,483
376,449,483
450,483,481
449,446,484
449,484,483
484,485,483
483,485,481
485,486,481
486,482,481
487,466,482
466,487,467
468,488,480
487,488,467
467,488,468
476,475,489
476,489,478
475,479,489
490,477,478
490,478,491
489,479,492
489,493,478
478,493,491
480,488,494
479,480,494
479,494,495
479,495,492
496,490,491
493,496,491
497,489,492
497,493,489
495,497,492
496,493,498
493,497,498
499,496,498
488,487,500
494,488,501
488,500,501
502,494,501
494,502,495
498,497,503
499,498,504
497,505,503
495,502,505
497,495,505
506,499,504
507,498,503
498,507,504
506,504,508
504,507,508
509,507,503
505,509,503
507,509,510
507,510,508
511,506,508
510,511,508
502,512,505
512,509,505
502,513,512
502,501,513
500,487,514
486,485,515
516,482,486
516,487,482
487,516,514
485,484,517
515,485,518
518,485,517
445,522,444
522,445,521
519,517,523
484,446,523
517,484,523
446,524,523
524,448,444
524,446,448
522,524,444
524,522,520
445,526,521
526,443,525
526,440,443
440,526,447
526,445,447
443,442,527
525,443,527
528,431,427
442,431,528
442,528,527
529,525,527
528,529,527
525,529,530
526,525,530
526,531,521
531,526,530
531,530,532
530,529,533
528,427,534
535,529,528
529,535,533
535,528,534
536,535,534
535,536,537
538,533,539
533,535,539
539,535,537
538,542,533
541,542,540
542,530,533
530,542,532
542,541,532
542,538,540
543,531,532
541,543,532
544,531,543
544,546,545
545,546,547
552,550,548
552,549,550
553,552,548
554,553,551
549,555,547
549,552,555
552,520,555
522,556,520
555,556,547
556,545,547
520,556,555
531,557,521
522,557,556
557,531,544
557,522,521
556,557,545
557,544,545
558,519,523
519,558,554
552,553,558
552,558,520
558,524,520
524,558,523
558,553,554
519,559,517
559,518,517
518,559,560
515,518,561
518,560,561
562,516,486
562,486,515
562,515,561
500,514,563
564,500,563
500,564,501
501,564,513
511,510,565
566,511,565
509,567,510
509,512,567
510,567,565
567,512,568
569,566,565
567,569,565
564,570,513
570,571,513
513,571,512
512,571,568
568,571,572
567,568,572
573,566,569
567,574,569
574,567,572
573,569,575
569,574,575
576,564,563
564,576,570
514,577,563
516,562,578
516,578,514
578,577,514
577,578,579
580,576,563
577,580,563
580,577,579
581,573,575
582,581,575
574,582,575
571,583,572
583,574,572
574,583,584
582,574,584
581,582,585
586,581,585
571,570,587
571,587,583
570,588,587
576,588,570
589,582,584
582,589,585
589,586,585
583,590,584
590,589,584
591,586,589
590,583,592
583,587,592
576,580,593
588,576,593
578,594,579
560,596,561
594,578,597
578,562,597
562,561,598
561,596,598
562,598,597
598,596,595
559,519,599
599,519,554
599,554,551
559,599,600
559,601,560
601,559,600
560,601,602
596,560,602
599,603,600
603,599,551
601,600,604
600,603,604
602,601,605
596,602,605
601,606,605
606,601,604
603,551,607
603,608,604
608,603,607
608,607,609
604,608,610
605,606,611
612,605,611
613,604,610
606,613,611
613,606,604
616,618,619
620,618,617
596,621,595
621,612,614
615,621,614
612,621,605
621,596,605
621,622,595
615,622,621
622,615,616
622,598,595
622,616,619
594,623,620
623,594,597
622,623,598
598,623,597
623,618,620
618,623,619
623,622,619
624,594,620
594,624,579
624,580,579
625,588,593
580,624,626
593,580,626
625,627,588
587,627,592
588,627,587
591,589,628
589,590,629
589,629,628
630,590,592
590,630,629
631,591,628
629,632,628
632,631,628
627,625,633
630,592,634
592,627,634
635,631,632
629,636,632
630,636,629
636,637,632
637,635,632
638,636,630
638,630,634
627,639,634
627,633,639
625,641,633
642,625,593
642,593,626
625,642,641
642,626,643
642,643,640
624,644,626
626,644,643
624,645,644
645,624,620
645,620,617
645,617,646
647,645,646
647,646,648
644,645,649
649,645,647
652,644,649
644,652,643
652,650,640
643,652,640
641,642,653
653,642,640
650,651,653
651,641,653
650,653,640
641,651,654
633,641,654
633,655,639
655,633,654
656,638,634
655,656,639
639,656,634
657,635,637
636,658,637
638,658,636
637,658,659
657,637,659
658,638,660
638,656,661
638,661,660
656,655,662
655,663,662
663,655,654
661,656,665
656,662,665
661,665,664
666,657,659
658,667,659
667,666,659
668,658,660
658,668,667
668,660,669
660,661,669
669,661,664
666,667,670
671,666,670
668,672,667
672,671,670
667,672,670
673,672,668
673,668,669
674,673,669
674,669,664
675,674,664
665,675,664
665,662,677
662,676,677
676,675,677
675,665,677
678,676,662
663,678,662
679,678,663
651,650,683
681,680,683
684,651,683
680,679,684
679,663,684
680,684,683
663,654,684
654,651,684
682,681,685
650,652,685
650,685,683
685,681,683
687,649,686
652,649,687
687,682,685
652,687,685
647,648,688
649,647,689
647,688,689
649,689,686
690,687,686
690,682,687
691,690,686
689,691,686
692,691,689
688,692,689
693,692,688
697,696,700
698,697,701
701,697,700
698,701,702
699,698,703
703,698,702
704,699,703
696,695,705
696,705,700
695,694,706
695,706,705
694,693,707
688,648,707
693,688,707
706,694,707
706,708,705
708,618,616
709,708,706
618,709,617
618,708,709
646,709,648
617,709,646
648,709,707
709,706,707
612,710,614
701,711,702
705,712,700
708,616,712
616,615,712
712,615,711
701,712,711
708,712,705
712,701,700
614,710,713
711,713,702
615,614,713
713,703,702
713,710,704
615,713,711
713,704,703
710,612,714
612,611,714
613,715,611
611,715,714
715,613,716
716,613,610
608,717,610
717,716,610
718,608,609
608,718,717
718,609,719
721,719,720
718,719,721
716,717,722
723,718,721
722,717,723
717,718,723
715,716,724
716,722,724
710,714,725
710,725,704
715,724,726
714,715,726
725,714,726
727,699,704
725,727,704
728,727,725
728,725,726
729,728,726
724,729,726
722,730,724
730,729,724
731,730,722
731,722,723
732,723,721
732,731,723
733,732,721
733,721,720
734,733,720
736,735,738
738,735,739
735,734,739
737,736,740
740,736,738
737,740,741
745,737,741
742,745,741
746,742,743
746,745,742
747,746,743
744,747,743
748,747,744
754,753,756
755,754,757
757,754,756
753,752,758
759,753,758
753,759,756
751,750,760
750,749,761
760,750,761
749,748,762
748,744,762
761,749,762
744,763,762
764,761,762
763,764,762
764,765,761
765,760,761
760,765,766
752,767,758
767,760,766
752,751,767
751,760,767
759,768,756
768,757,756
767,769,758
759,770,768
769,770,758
770,759,758
771,757,768
770,771,768
742,772,743
773,744,743
772,773,743
744,773,763
774,772,742
740,774,741
774,742,741
734,775,739
775,734,720
719,775,720
775,776,739
776,738,739
774,740,777
776,777,738
777,740,738
778,776,775
607,778,609
609,778,719
778,775,719
779,774,777
780,773,772
781,550,780
781,780,772
781,774,779
774,781,772
782,781,779
776,782,777
782,779,777
778,607,783
776,778,783
782,776,783
551,784,607
553,784,551
784,782,783
607,784,783
784,553,785
550,781,785
781,782,785
782,784,785
550,785,548
785,553,548
550,786,780
786,773,780
549,786,550
546,787,547
786,549,788
549,547,788
547,787,788
546,544,789
787,546,790
770,791,771
546,789,792
770,792,791
792,789,791
546,792,790
792,770,769
787,793,788
764,793,765
765,793,766
788,793,794
793,764,794
786,788,794
773,786,794
794,764,763
773,794,763
795,767,766
795,787,790
787,795,793
767,795,769
792,795,790
795,792,769
793,795,766
791,796,771
538,801,540
801,538,798
797,796,803
796,791,803
791,789,803
804,544,543
804,802,797
804,541,802
544,804,789
541,804,543
804,797,803
789,804,803
805,541,540
541,805,802
805,801,799
801,805,540
802,805,800
800,805,799
538,539,806
539,537,806
537,536,807
536,808,807
809,537,807
537,809,806
538,806,810
798,538,810
806,809,811
812,806,811
806,812,810
812,798,810
807,808,813
809,807,813
815,809,813
816,815,813
816,813,817
808,814,817
813,808,817
812,811,818
819,812,818
812,819,820
798,812,820
811,821,818
821,809,815
809,821,811
822,801,798
822,798,820
823,801,822
801,823,799
799,823,824
800,799,824
802,825,797
802,826,825
826,802,800
826,800,824
796,797,827
827,757,771
796,827,771
797,825,827
823,822,828
828,822,829
830,826,824
823,831,824
831,823,828
831,830,824
825,826,832
832,826,830
827,825,833
825,832,833
757,827,834
827,833,834
755,757,834
835,755,834
833,835,834
836,835,833
832,836,833
837,836,832
837,832,830
831,838,830
838,837,830
839,838,831
839,831,828
840,828,829
840,839,828
841,840,829
843,842,845
820,819,845
842,841,846
846,822,820
822,846,829
842,846,845
846,841,829
846,820,845
818,821,847
848,843,845
818,847,848
819,848,845
819,818,848
844,843,848
847,844,848
821,849,847
821,815,849
815,816,849
816,817,850
849,816,850
817,851,850
814,851,817
852,844,847
849,852,847
853,852,849
853,849,850
851,854,850
854,853,850
855,854,851
861,860,863
862,861,864
864,861,863
860,859,865
860,865,863
858,857,866
858,866,867
859,858,867
865,859,867
857,856,868
866,857,868
856,869,868
856,855,869
814,869,851
869,855,851
866,870,867
814,871,869
871,866,868
869,871,868
866,872,870
871,872,866
865,875,863
875,874,864
873,875,865
875,864,863
872,876,870
870,876,867
876,873,865
876,865,867
881,882,884
884,882,883
881,884,885
878,881,885
886,880,879
877,880,886
877,886,887
888,877,887
862,864,888
874,877,888
864,874,888
886,879,889
879,878,889
878,885,890
889,878,890
887,886,891
892,862,888
892,888,887
892,887,891
893,886,889
893,892,891
886,893,891
894,893,889
894,889,890
895,890,885
895,894,890
896,895,885
884,896,885
897,896,884
897,884,883
898,897,883
899,898,902
902,898,883
882,902,883
900,899,903
899,902,903
901,900,904
904,900,903
901,904,905
909,901,905
909,905,906
910,909,906
910,906,908
911,910,908
907,911,908
912,911,907
917,916,914
917,914,915
918,917,915
919,918,922
920,919,923
923,919,922
918,924,922
924,918,915
924,923,922
916,913,926
926,913,925
916,926,914
913,912,927
913,927,925
927,912,907
927,928,925
928,926,925
928,929,926
914,929,915
929,924,915
926,929,914
921,920,930
930,920,923
931,930,923
932,923,924
932,931,923
929,932,924
933,928,927
934,933,927
934,927,907
935,934,907
906,935,908
935,907,908
905,936,906
936,935,906
937,936,905
904,937,905
902,882,938
902,938,903
939,904,903
939,937,904
938,939,903
937,939,940
941,935,936
937,941,936
941,942,935
935,942,934
934,942,933
943,932,929
928,943,929
931,944,930
944,931,945
946,943,928
946,928,933
942,946,933
932,943,947
948,931,932
948,932,947
931,948,945
949,944,945
948,949,945
943,950,947
943,946,950
946,951,950
951,946,952
946,942,952
952,942,953
942,941,953
941,954,953
954,937,940
937,954,941
955,939,938
956,954,940
956,939,955
939,956,940
957,960,961
957,961,959
960,955,962
955,938,962
938,882,962
882,963,962
882,881,963
963,960,962
881,961,963
961,960,963
880,964,879
964,881,878
961,964,959
881,964,961
964,878,879
877,874,965
880,877,965
964,966,959
966,964,880
966,880,965
967,966,965
958,966,967
875,968,874
874,968,965
968,967,965
968,875,969
969,875,873
872,970,876
876,970,873
970,969,873
814,808,971
871,814,971
871,972,872
972,871,971
970,973,969
973,968,969
970,974,973
970,872,974
872,972,974
968,975,967
975,968,973
975,958,967
536,976,808
808,976,971
976,972,971
976,977,972
976,536,977
536,534,977
977,978,972
972,978,974
974,979,973
978,979,974
979,975,973
966,980,959
980,966,958
980,957,959
955,960,981
982,960,957
980,982,957
960,982,981
979,983,975
983,980,958
975,983,958
982,984,981
985,978,977
427,985,534
534,985,977
985,986,978
986,979,978
428,986,427
986,985,427
979,986,987
979,987,983
428,426,987
986,428,987
988,425,984
988,426,424
988,424,425
988,984,982
426,988,989
980,989,982
989,988,982
987,426,989
987,989,983
989,980,983
425,991,984
991,418,423
990,991,423
418,991,425
417,421,992
417,992,423
992,990,423
420,993,422
992,421,994
421,422,994
993,995,422
422,995,994
995,993,996
991,990,997
984,991,997
992,994,998
990,992,998
997,956,999
999,956,955
984,997,999
984,999,981
999,955,981
954,956,1000
990,998,1000
956,997,1000
997,990,1000
954,1000,953
1001,952,953
1001,951,952
998,1001,1000
951,1001,998
1000,1001,953
998,994,1002
951,998,1002
950,951,1002
995,1003,994
1003,948,947
950,1003,947
994,1003,1002
1003,950,1002
996,949,1004
995,996,1004
1003,995,1004
949,948,1004
948,1003,1004
949,996,1007
1012,1013,1010
1013,1011,1010
996,1014,1007
1014,1005,1007
996,993,1014
1005,1014,1006
1015,1009,1006
1014,1015,1006
1009,1015,1016
1009,1016,1008
1015,1017,1016
1017,415,413
993,420,1017
420,415,1017
993,1017,1014
1017,1015,1014
1017,1018,1016
1018,1017,413
1018,413,411
414,412,1019
1018,411,1019
411,414,1019
412,410,1020
1008,1021,1012
1016,1018,1021
1008,1016,1021
1018,1019,1021
1021,1022,1012
1019,1022,1021
1012,1022,1013
412,1023,1019
1023,1022,1019
1023,412,1020
1022,1023,1013
1023,1011,1013
410,404,1025
1025,404,409
1025,409,1024
410,1025,1020
406,1026,407
1024,409,1027
409,408,1027
1026,1028,407
1028,408,407
408,1028,1029
408,1029,1027
1025,1024,1030
1023,1020,1031
1031,1025,1030
1020,1025,1031
1023,1031,1011
1032,1024,1027
1029,1032,1027
1024,1032,1033
1024,1033,1030
1034,1031,1030
1030,1033,1035
1034,1030,1035
1029,1028,1036
1037,1038,1036
1038,1029,1036
1029,1038,1039
1032,1029,1039
1032,1039,1040
1038,1037,1042
1042,1037,1041
1038,1042,1043
1044,1042,1041
1039,1038,1045
1045,1038,1043
1046,1039,1045
1039,1046,1040
1040,1046,1047
1052,1034,1035
1052,1053,1048
1035,1033,1053
1052,1035,1053
1053,1049,1048
1054,1040,1047
1033,1032,1054
1054,1032,1040
1033,1054,1053
1054,1049,1053
1049,1054,1047
1034,1052,1055
1051,1055,1050
1031,1034,1055
1055,1052,1050
1051,1057,1055
1031,1057,1011
1057,1031,1055
1011,1057,1056
1011,1058,1010
1058,1011,1056
1010,1058,1059
1012,1010,1059
1060,1008,1012
1060,1012,1059
1007,1005,1061
949,1007,1061
944,949,1061
1062,1005,1006
1005,1062,1061
1062,1006,1063
1006,1009,1063
1008,1060,1064
1009,1008,1064
1009,1064,1065
1063,1009,1065
1066,944,1061
1062,1066,1061
1066,1062,1067
1062,1068,1067
1068,1062,1063
1068,1063,1065
1064,1069,1065
1069,1068,1065
1058,1070,1059
1064,1060,1071
1060,1059,1072
1059,1070,1072
1060,1072,1071
1070,1058,1073
1073,1058,1056
1057,1073,1056
1057,1074,1073
1057,1051,1074
1075,1070,1073
1075,1073,1076
1073,1074,1076
1074,1077,1076
1071,1080,1079
1080,1070,1078
1070,1080,1072
1072,1080,1071
1081,1064,1071
1064,1081,1069
1081,1071,1079
1067,1068,1082
1083,1066,1067
1083,1067,1082
1066,1083,1084
1066,1084,944
944,1084,930
1068,1069,1085
1069,1081,1086
1085,1069,1086
1086,1081,1087
1086,1087,1088
1085,1086,1089
1089,1086,1088
1085,1089,1090
1091,1085,1090
1068,1085,1091
1068,1091,1082
1084,1083,1092
930,1084,1093
921,930,1093
1084,1092,1093
1092,1083,1094
1083,1082,1094
1082,1091,1094
1095,921,1093
1092,1095,1093
1096,1095,1092
1096,1092,1094
1097,1096,1094
1091,1097,1094
1098,1097,1091
1098,1091,1090
1099,1098,1090
1089,1099,1090
1100,1099,1089
1100,1089,1088
1101,1100,1088
1087,1101,1088
1104,1103,1105
1102,1101,1106
1106,1101,1087
1081,1106,1087
1106,1081,1079
1107,1102,1106
1103,1102,1107
1080,1107,1079
1107,1106,1079
1103,1107,1108
1080,1078,1108
1107,1080,1108
1108,1078,1105
1103,1108,1105
1078,1109,1105
1109,1104,1105
1070,1075,1110
1078,1070,1110
1078,1110,1109
1075,1111,1110
1111,1075,1076
1111,1076,1112
1076,1077,1112
1113,1104,1109
1110,1113,1109
1111,1114,1110
1114,1113,1110
1115,1111,1112
1115,1114,1111
1116,1115,1112
1122,1121,1124
1123,1122,1126
1123,1126,1125
1126,1122,1124
1121,1120,1127
1121,1127,1124
1119,1118,1129
1119,1129,1128
1127,1120,1130
1120,1119,1130
1130,1119,1128
1118,1117,1131
1129,1118,1131
1117,1132,1131
1132,1116,1112
1117,1116,1132
1077,1132,1112
1133,1127,1130
1133,1130,1128
1134,1129,1131
1132,1134,1131
1134,1051,1050
1051,1134,1135
1132,1077,1135
1134,1132,1135
1074,1051,1135
1077,1074,1135
1136,1052,1048
1133,1136,1048
1052,1136,1050
1136,1134,1050
1134,1136,1129
1136,1133,1128
1129,1136,1128
1048,1049,1137
1133,1048,1137
1133,1137,1127
1049,1047,1138
1049,1139,1137
1139,1049,1138
1137,1139,1127
1127,1139,1124
1139,1126,1124
1139,1138,1140
1126,1139,1140
1126,1140,1125
1142,1045,1141
1142,1046,1045
1046,1143,1047
1046,1142,1143
1047,1143,1138
1138,1143,1140
1140,1143,1125
1145,1045,1043
1042,1145,1043
1145,1042,1144
1042,1044,1146
1042,1146,1144
1145,1144,1147
1045,1145,1148
1148,1145,1147
1045,1148,1141
1146,1149,1144
1144,1149,1147
1044,1150,1146
1149,1146,1151
1146,1150,1151
1149,1152,1147
1152,1148,1147
1143,1142,1153
1143,1153,1125
1153,1142,1154
1154,1142,1141
1141,1148,1155
1154,1141,1155
1156,1123,1125
1153,1156,1125
1157,1156,1153
1157,1153,1154
1158,1157,1154
1158,1154,1155
1159,1158,1155
1148,1159,1155
1159,1148,1152
1160,1159,1152
1149,1151,1161
1160,1152,1161
1152,1149,1161
1151,1162,1161
1162,1160,1161
1163,1162,1151
1150,1163,1151
1164,1163,1167
1163,1150,1167
1165,1164,1168
1168,1164,1167
1166,1165,1170
1165,1168,1170
1169,1166,1170
1174,1166,1169
1172,1174,1169
1175,1174,1172
1175,1172,1171
1176,1175,1171
1173,1176,1171
1177,1176,1173
1182,1181,1186
1184,1183,1187
1184,1187,1185
1183,1182,1188
1187,1183,1188
1188,1182,1186
1181,1180,1189
1186,1181,1189
1180,1190,1189
1180,1179,1190
1179,1178,1191
1178,1177,1192
1177,1173,1192
1178,1192,1191
1190,1179,1193
1193,1179,1191
1194,1193,1191
1192,1194,1191
1195,1190,1193
1194,1195,1193
1195,1196,1190
1190,1196,1189
1196,1186,1189
1196,1197,1186
1197,1188,1186
1198,1187,1188
1197,1198,1188
1199,1195,1194
1200,1172,1169
1201,1194,1192
1201,1199,1194
1173,1201,1192
1202,1201,1173
1172,1202,1171
1200,1202,1172
1202,1173,1171
1168,1203,1170
1203,1200,1169
1203,1169,1170
1044,1204,1150
1150,1204,1167
1204,1168,1167
1204,1205,1168
1205,1203,1168
1203,1206,1200
1206,1203,1205
1200,1206,1207
1202,1200,1207
1208,1201,1202
1208,1202,1207
1209,1044,1041
1204,1209,1205
1044,1209,1204
1209,1206,1205
1206,1209,1210
1211,1208,1207
1206,1210,1212
1206,1212,1207
1212,1211,1207
1216,1198,1217
1214,1218,1219
1201,1208,1219
1208,1214,1219
1219,1218,1199
1201,1219,1199
1218,1213,1220
1218,1220,1199
1220,1195,1199
1195,1220,1196
1221,1215,1217
1215,1221,1213
1221,1198,1197
1221,1197,1196
1198,1221,1217
1213,1221,1220
1220,1221,1196
1227,1226,1222
1226,1228,1224
1224,1228,1229
1224,1229,1223
1229,1225,1223
1231,1232,1234
1231,1235,1230
1235,1231,1234
1225,1230,1236
1230,1235,1236
1232,1237,1234
1237,1232,1233
1237,1233,1238
1233,1239,1238
1239,1240,1238
1240,1237,1238
1240,1239,1241
1237,1242,1234
1242,1237,1240
1235,1234,1243
1234,1242,1244
1243,1234,1244
1235,1243,1245
1236,1235,1245
1246,1225,1236
1246,1236,1245
1225,1246,1247
1225,1247,1223
1224,1223,1248
1223,1247,1248
1249,1226,1224
1249,1224,1248
1250,1227,1222
1250,1198,1216
1227,1250,1216
1198,1250,1187
1226,1249,1251
1226,1251,1222
1222,1251,1252
1250,1222,1252
1247,1246,1253
1254,1249,1248
1247,1255,1248
1255,1247,1253
1255,1254,1248
1251,1249,1256
1256,1249,1254
1252,1251,1257
1251,1256,1257
1250,1258,1187
1258,1250,1252
1187,1258,1185
1258,1252,1259
1252,1257,1259
1260,1184,1185
1258,1260,1185
1260,1258,1259
1261,1260,1259
1257,1261,1259
1256,1262,1257
1262,1261,1257
1263,1262,1256
1263,1256,1254
1255,1264,1254
1264,1263,1254
1265,1264,1255
1265,1255,1253
1266,1265,1253
1268,1267,1271
1245,1243,1271
1267,1272,1271
1272,1245,1271
1246,1245,1272
1253,1246,1272
1267,1266,1272
1266,1253,1272
1243,1244,1273
1274,1243,1273
1269,1268,1274
1268,1271,1274
1269,1274,1273
1271,1243,1274
1270,1269,1275
1273,1244,1275
1269,1273,1275
1242,1240,1276
1244,1242,1277
1242,1276,1277
1244,1277,1275
1277,1270,1275
1240,1241,1278
1276,1240,1278
1278,1241,1279
1280,1270,1277
1276,1280,1277
1281,1276,1278
1281,1280,1276
1281,1278,1279
1282,1281,1279
1289,1288,1290
1287,1286,1291
1288,1292,1290
1293,1289,1290
1292,1293,1290
1288,1294,1292
1288,1287,1294
1294,1287,1291
1286,1295,1291
1286,1285,1295
1285,1284,1296
1285,1296,1295
1296,1284,1297
1284,1283,1297
1298,1282,1279
1283,1282,1298
1241,1298,1279
1283,1298,1297
1299,1296,1297
1241,1299,1298
1298,1299,1297
1299,1241,1300
1241,1239,1300
1299,1301,1296
1301,1299,1300
1301,1303,1296
1296,1303,1295
1303,1302,1295
1294,1304,1292
1304,1293,1292
1305,1304,1294
1302,1305,1295
1295,1305,1291
1305,1294,1291
1308,1309,1312
1313,1311,1308
1313,1308,1312
1311,1313,1314
1315,1311,1314
1310,1311,1315
1316,1310,1315
1306,1307,1317
1307,1316,1317
1293,1306,1318
1289,1293,1318
1306,1317,1319
1306,1319,1318
1320,1289,1318
1319,1320,1318
1317,1321,1319
1321,1320,1319
1322,1321,1317
1316,1322,1317
1323,1322,1316
1323,1316,1315
1324,1315,1314
1324,1323,1315
1325,1324,1314
1313,1325,1314
1326,1325,1313
1326,1313,1312
1327,1326,1312
1328,1327,1331
1329,1328,1332
1332,1328,1331
1327,1333,1331
1327,1312,1333
1312,1309,1333
1330,1329,1334
1334,1329,1332
1330,1334,1335
1336,1338,1340
1341,1330,1335
1341,1335,1336
1341,1336,1340
1339,1342,1338
1342,1341,1340
1338,1342,1340
1343,1342,1339
1337,1343,1339
1344,1343,1337
1348,1347,1351
1348,1351,1352
1350,1349,1353
1350,1353,1354
1349,1348,1355
1349,1355,1353
1355,1348,1352
1347,1346,1356
1347,1356,1351
1346,1345,1357
1356,1346,1357
1345,1344,1358
1358,1344,1337
1345,1358,1359
1345,1359,1357
1359,1360,1357
1360,1356,1357
1360,1361,1356
1351,1361,1352
1356,1361,1351
1361,1355,1352
1355,1362,1353
1353,1362,1354
1362,1355,1363
1355,1361,1363
1364,1360,1359
1358,1364,1359
1335,1365,1336
1366,1364,1358
1366,1358,1337
1367,1366,1337
1367,1337,1339
1367,1339,1338
1336,1367,1338
1365,1367,1336
1333,1368,1331
1309,1368,1333
1368,1332,1331
1334,1369,1335
1369,1365,1335
1334,1370,1369
1368,1370,1332
1370,1334,1332
1309,1371,1368
1371,1370,1368
1370,1372,1369
1372,1365,1369
1365,1374,1367
1366,1367,1375
1367,1374,1375
1374,1373,1375
1364,1376,1360
1361,1360,1377
1360,1376,1377
1378,1362,1363
1379,1362,1378
1380,1361,1377
1380,1378,1363
1361,1380,1363
1376,1381,1377
1381,1380,1377
1366,1382,1364
1382,1366,1375
1373,1382,1375
1364,1382,1383
1376,1364,1383
1380,1384,1378
1384,1379,1378
1384,1380,1385
1380,1381,1385
1381,1386,1385
1376,1387,1381
1387,1376,1383
1387,1386,1381
1374,1388,1373
1388,1382,1373
1365,1389,1374
1389,1365,1372
1374,1389,1388
1370,1390,1372
1390,1370,1371
1390,1371,1395
1309,1397,1371
1371,1397,1395
1397,1396,1395
1397,1309,1308
1396,1397,1308
1311,1398,1308
1391,1398,1393
1398,1311,1310
1398,1391,1396
1398,1396,1308
1398,1399,1393
1399,1392,1393
1399,1398,1310
1399,1310,1316
1399,1316,1307
1400,1399,1307
1400,1392,1399
1392,1400,1394
1306,1400,1307
1394,1400,1402
1293,1304,1402
1400,1306,1402
1306,1293,1402
1402,1304,1401
1304,1403,1401
1304,1305,1403
1403,1305,1302
1303,1301,1404
1302,1303,1404
1301,1405,1404
1405,1301,1406
1406,1239,1233
1239,1406,1300
1406,1301,1300
1405,1407,1404
1407,1403,1302
1407,1302,1404
1408,1394,1402
1408,1402,1401
1409,1408,1401
1403,1409,1401
1407,1409,1403
1410,1405,1406
1407,1405,1410
1411,1409,1407
1411,1407,1410
1409,1412,1408
1412,1409,1411
1416,1392,1413
1416,1415,1391
1392,1416,1393
1416,1391,1393
1408,1417,1394
1414,1417,1412
1417,1414,1413
1412,1417,1408
1392,1417,1413
1417,1392,1394
1396,1418,1395
1415,1418,1391
1391,1418,1396
1418,1390,1395
1390,1419,1372
1419,1389,1372
1390,1418,1420
1390,1420,1419
1421,1382,1388
1389,1421,1388
1382,1421,1422
1382,1422,1383
1422,1387,1383
1423,1384,1385
1386,1423,1385
1423,1424,1384
1425,1387,1422
1387,1425,1426
1387,1426,1386
1426,1423,1386
1421,1427,1422
1427,1425,1422
1389,1428,1421
1428,1389,1419
1421,1428,1427
1428,1419,1429
1419,1420,1429
1430,1428,1429
1420,1430,1429
1418,1431,1420
1431,1430,1420
1431,1418,1415
1428,1430,1432
1428,1432,1427
1433,1423,1426
1423,1433,1424
1433,1434,1424
1432,1435,1427
1435,1425,1427
1436,1425,1435
1425,1436,1426
1436,1433,1426
1437,1431,1415
1416,1438,1415
1438,1416,1413
1414,1438,1413
1438,1437,1415
1414,1412,1439
1439,1412,1411
1441,1411,1410
1440,1441,1410
1441,1439,1411
1446,1447,1449
1231,1450,1232
1450,1442,1448
1442,1450,1447
1447,1450,1449
1450,1231,1449
1451,1410,1406
1451,1440,1410
1440,1451,1448
1451,1406,1233
1452,1451,1233
1448,1451,1452
1450,1448,1452
1450,1452,1232
1232,1452,1233
1453,1446,1449
1231,1453,1449
1453,1231,1230
1446,1453,1454
1454,1225,1229
1228,1454,1229
1453,1230,1454
1230,1225,1454
1455,1226,1227
1226,1455,1228
1445,1455,1456
1455,1227,1456
1445,1457,1455
1228,1457,1454
1457,1445,1444
1455,1457,1228
1443,1457,1444
1457,1446,1454
1457,1443,1446
1458,1445,1456
1461,1227,1216
1459,1461,1215
1461,1458,1456
1461,1459,1458
1227,1461,1456
1215,1461,1217
1461,1216,1217
1459,1462,1460
1462,1215,1213
1462,1459,1215
1463,1462,1213
1218,1463,1213
1463,1218,1214
1460,1462,1463
1210,1465,1212
1465,1464,1211
1465,1211,1212
1466,1463,1214
1464,1466,1211
1466,1208,1211
1208,1466,1214
1209,1467,1210
1467,1209,1041
1037,1467,1041
1467,1037,1036
1468,1465,1210
1467,1468,1210
1464,1469,1466
1466,1469,1463
1469,1460,1463
1465,1470,1464
1470,1469,1464
1471,1465,1468
1465,1471,1470
1472,1471,1468
1028,1026,1472
1467,1472,1468
1028,1472,1036
1472,1467,1036
1473,1459,1460
1473,1474,1459
1474,1445,1458
1459,1474,1458
1475,1469,1470
1471,1475,1470
1475,1471,1476
1472,1026,1476
1471,1472,1476
1026,406,1476
1477,1474,1473
1469,1475,1478
1478,1477,1473
1478,1473,1460
1469,1478,1460
1479,1442,1447
1443,1479,1446
1479,1447,1446
1480,1440,1448
1442,1480,1448
1479,1481,1442
1481,1480,1442
1482,1479,1443
1482,1443,1444
1474,1483,1445
1445,1483,1444
1483,1482,1444
1484,1480,1481
1485,1479,1482
1479,1485,1481
1483,1474,1486
1486,1474,1477
1478,1487,1477
1487,1486,1477
1475,1488,1478
1488,1475,1476
1488,1487,1478
403,1489,406
1489,1488,1476
403,211,1489
406,1489,1476
1486,1487,1490
209,208,1491
209,1491,1490
1491,1486,1490
1487,1488,1492
1487,1492,1490
210,209,1492
1492,209,1490
1493,1488,1489
1493,211,210
1493,210,1492
1488,1493,1492
211,1493,1489
207,206,1494
1485,1494,1481
1494,1484,1481
208,207,1495
1485,1495,1494
1495,207,1494
1495,1485,1482
208,1496,1491
1483,1496,1482
1496,208,1495
1496,1483,1486
1496,1486,1491
1496,1495,1482
206,1501,1494
206,205,1501
1501,1484,1494
205,197,1502
205,1502,1501
1502,1497,1501
1497,1502,1498
1502,1499,1498
1499,1503,1500
1503,197,198
204,1503,198
197,1503,1502
1502,1503,1499
1504,201,170
1504,203,201
203,1504,1505
1503,204,1506
1500,1503,1506
204,1507,1506
204,203,1507
1507,203,1505
1506,1507,1509
1510,1506,1509
1510,1500,1506
1497,1498,1511
1484,1501,1512
1501,1497,1512
1512,1497,1511
1499,1500,1513
1500,1510,1513
1514,1499,1513
1437,1514,1513
1514,1437,1438
1499,1514,1498
1498,1514,1511
1512,1441,1515
1441,1440,1515
1440,1480,1515
1480,1484,1515
1484,1512,1515
1441,1512,1516
1438,1414,1516
1514,1438,1516
1441,1516,1439
1516,1512,1511
1514,1516,1511
1516,1414,1439
1510,1517,1513
1517,1437,1513
1431,1437,1517
1431,1517,1430
1510,1518,1517
1518,1510,1509
1517,1518,1430
1430,1518,1432
1518,1519,1432
1519,1435,1432
1519,1518,1509
1520,1519,1509
1507,1520,1509
1520,1507,1505
1520,1505,1508
1520,1436,1435
1519,1520,1435
1436,1520,1521
1520,1508,1521
1436,1521,1433
1521,1434,1433
1522,1434,1521
1508,1522,1521
1529,1531,1528
1530,1526,1532
1532,1526,1527
1533,1534,1524
1534,1532,1527
1534,1525,1524
1525,1534,1527
1535,1533,1524
1536,1522,1508
1522,1536,1523
1504,1536,1505
1505,1536,1508
1537,1535,1523
1536,1537,1523
1535,1537,1538
1535,1538,1533
166,1539,167
1539,1534,1533
1538,1539,1533
1539,1538,167
1540,170,168
1540,1504,170
1536,1504,1540
1537,1536,1540
1541,172,167
1537,1541,1538
172,1541,169
1541,1537,1540
1538,1541,167
1541,1540,168
169,1541,168
165,1542,166
1542,165,1543
1532,1542,1543
165,164,1543
1530,1532,1543
1542,1532,1544
1534,1539,1544
1532,1534,1544
1539,166,1544
166,1542,1544
164,1545,1543
163,1545,164
1530,1545,1529
1529,1545,1531
1545,1530,1543
1545,163,1548
1545,1548,1531
114,1549,163
114,160,1549
1546,1549,1547
163,1549,1548
1549,1546,1548
158,1550,159
1549,160,1550
1550,160,159
1549,1550,1547
1552,148,147
149,1552,147
1553,149,156
149,1553,1552
155,1554,154
1554,156,154
155,1555,1554
1556,156,1554
1556,1553,156
1554,1555,1557
1556,1554,1557
1555,1558,1557
1559,157,148
1559,148,1552
157,1559,1551
1559,1552,1560
1552,1553,1561
1560,1552,1561
1553,1556,1562
1553,1562,1561
1558,1563,1557
1563,1556,1557
1562,1556,1564
1564,1556,1563
1561,1562,1565
1558,1566,1563
1566,1567,1563
1567,1564,1563
1567,1566,1568
1569,1562,1564
1562,1569,1565
1569,1564,1567
1551,1559,1570
1559,1571,1570
1571,1559,1560
1571,1560,1561
1571,1561,1565
158,157,1572
1572,157,1551
1550,158,1573
1573,158,1572
1574,1572,1551
1574,1551,1570
1570,1571,1575
1566,1576,1568
1577,1569,1567
1576,1577,1568
1577,1567,1568
1578,1571,1565
1569,1578,1565
1575,1571,1578
1569,1577,1579
1578,1569,1579
1576,1580,1577
1579,1577,1581
1577,1580,1582
1581,1577,1582
1574,1570,1583
1583,1570,1575
1575,1578,1584
1578,1585,1584
1585,1578,1579
1585,1579,1581
1586,1581,1582
1586,1585,1581
1580,1587,1582
1586,1582,1588
1582,1587,1588
1585,1586,1589
1589,1586,1590
1590,1586,1588
1587,1591,1588
1591,1592,1588
1592,1590,1588
1593,1585,1589
1584,1585,1593
1594,1584,1593
1574,1583,1595
1596,1583,1575
1583,1596,1595
1594,1596,1584
1596,1575,1584
1597,1574,1595
1599,1573,1572
1598,1573,1599
1574,1599,1572
1599,1574,1597
1531,1600,1528
1546,1600,1548
1548,1600,1531
1600,1546,1601
1546,1547,1601
1550,1602,1547
1547,1602,1601
1550,1573,1603
1602,1550,1603
1603,1573,1598
1600,1601,1604
1528,1600,1604
1602,1605,1601
1605,1602,1606
1602,1603,1606
1603,1598,1607
1608,1597,1595
1598,1609,1607
1609,1598,1599
1609,1599,1597
1608,1609,1597
1610,1590,1592
1610,1589,1590
1610,1593,1589
1591,1611,1592
1612,1594,1593
1610,1612,1593
1612,1610,1613
1610,1614,1613
1614,1610,1592
1611,1614,1592
1611,1615,1614
1616,1612,1613
1596,1617,1595
1617,1596,1594
1612,1617,1594
1595,1617,1618
1608,1595,1618
1619,1617,1612
1619,1612,1616
1614,1615,1620
1613,1614,1620
1621,1619,1616
1621,1616,1613
1621,1613,1620
1615,1622,1620
1623,1621,1620
1622,1623,1620
1619,1621,1624
1617,1619,1625
1625,1619,1624
1626,1608,1618
1609,1608,1626
1609,1627,1607
1609,1626,1628
1627,1609,1628
1629,1625,1624
1629,1630,1625
1617,1630,1618
1630,1626,1618
1630,1617,1625
1621,1631,1624
1631,1621,1623
1622,1632,1623
1632,1633,1623
1633,1631,1623
1634,1629,1624
1631,1634,1624
1634,1631,1633
1632,1635,1633
1635,1636,1633
1636,1634,1633
1626,1630,1637
1635,1638,1636
1634,1636,1639
1636,1638,1640
1636,1640,1639
1641,1634,1639
1629,1634,1641
1638,1642,1640
1643,1641,1639
1640,1643,1639
1630,1629,1644
1630,1644,1637
1644,1629,1641
1627,1628,1648
1647,1627,1648
1626,1649,1628
1649,1626,1637
1649,1646,1648
1628,1649,1648
1646,1649,1645
1649,1637,1645
1647,1650,1627
1627,1650,1607
1650,1647,1653
1650,1653,1652
1654,1655,1658
1657,1654,1658
1658,1655,1659
1655,1656,1659
1657,1660,1651
1660,1605,1606
1603,1661,1606
1661,1603,1607
1661,1650,1652
1650,1661,1607
1661,1660,1606
1660,1661,1651
1661,1652,1651
1662,1658,1659
1604,1662,1659
1601,1662,1604
1601,1605,1663
1662,1601,1663
1605,1660,1663
1660,1657,1663
1662,1663,1658
1663,1657,1658
1664,1604,1659
1664,1528,1604
1656,1664,1659
1530,1529,1665
1666,1664,1656
1666,1529,1528
1666,1528,1664
1666,1667,1529
1529,1667,1665
1526,1530,1668
1668,1530,1665
1524,1525,1669
1524,1669,1670
1535,1524,1670
1523,1535,1671
1671,1535,1670
1522,1523,1672
1434,1522,1672
1523,1671,1672
1526,1673,1527
1673,1525,1527
1525,1673,1674
1669,1525,1674
1675,1669,1674
1669,1675,1676
1670,1669,1676
1677,1671,1670
1677,1670,1676
1677,1678,1671
1671,1678,1672
1672,1678,1679
1434,1672,1679
1434,1679,1424
1679,1678,1680
1678,1681,1680
1678,1677,1681
1675,1682,1676
1682,1683,1676
1677,1683,1681
1683,1677,1676
1684,1675,1674
1673,1684,1674
1673,1685,1684
1689,1688,1686
1668,1688,1689
1526,1668,1689
1685,1689,1686
1685,1673,1689
1673,1526,1689
1688,1668,1690
1667,1690,1665
1690,1668,1665
1688,1690,1687
1667,1666,1691
1692,1667,1691
1690,1692,1687
1690,1667,1692
1666,1693,1691
1693,1666,1656
1693,1694,1691
1694,1692,1691
1692,1695,1687
1695,1692,1696
1692,1694,1696
1694,1693,1697
1693,1698,1697
1698,1693,1656
1694,1697,1701
1694,1701,1700
1697,1698,1701
1696,1694,1702
1702,1694,1700
1703,1696,1702
1695,1696,1704
1704,1696,1703
1686,1706,1708
1685,1686,1709
1686,1708,1709
1708,1707,1709
1695,1710,1687
1710,1688,1687
1710,1695,1704
1706,1686,1711
1688,1710,1711
1686,1688,1711
1710,1705,1711
1705,1706,1711
1684,1685,1712
1675,1684,1713
1682,1675,1713
1714,1679,1680
1679,1714,1424
1714,1379,1384
1424,1714,1384
1680,1681,1715
1681,1683,1716
1717,1681,1716
1681,1717,1715
1718,1714,1680
1718,1680,1715
1714,1718,1719
1379,1714,1719
1717,1720,1715
1717,1716,1721
1716,1722,1721
1683,1724,1716
1724,1683,1682
1716,1724,1722
1724,1682,1725
1682,1713,1725
1724,1725,1723
1684,1726,1713
1713,1726,1725
1726,1684,1712
1712,1685,1727
1727,1685,1709
1707,1727,1709
1726,1712,1728
1729,1712,1727
1712,1729,1728
1729,1727,1730
1727,1707,1730
1729,1731,1728
1732,1729,1730
1731,1729,1732
1728,1731,1733
1724,1735,1722
1735,1724,1723
1734,1735,1723
1726,1736,1725
1725,1736,1723
1736,1734,1723
1736,1726,1728
1736,1728,1733
1722,1735,1737
1721,1722,1737
1717,1738,1720
1738,1717,1721
1738,1721,1737
1718,1715,1739
1715,1720,1739
1379,1719,1740
1741,1718,1739
1718,1741,1719
1719,1741,1740
1362,1379,1742
1362,1742,1354
1742,1379,1740
1742,1740,1743
1740,1741,1743
1720,1744,1739
1720,1738,1745
1744,1720,1745
1746,1738,1737
1735,1747,1737
1747,1746,1737
1748,1744,1745
1744,1748,1749
1745,1738,1750
1738,1746,1750
1748,1745,1750
1739,1744,1751
1741,1739,1751
1751,1744,1749
1742,1743,1752
1354,1742,1752
1743,1741,1753
1743,1753,1752
1741,1751,1754
1753,1741,1754
1755,1350,1354
1755,1354,1752
1753,1756,1752
1756,1755,1752
1757,1753,1754
1757,1756,1753
1751,1758,1754
1758,1751,1749
1757,1754,1758
1759,1758,1749
1748,1759,1749
1760,1759,1748
1760,1748,1750
1746,1760,1750
1747,1761,1746
1761,1760,1746
1762,1761,1747
1735,1734,1766
1747,1735,1766
1763,1762,1766
1762,1747,1766
1766,1734,1767
1763,1766,1767
1764,1763,1767
1734,1736,1768
1765,1764,1768
1734,1768,1767
1768,1764,1767
1733,1731,1769
1736,1770,1768
1770,1765,1768
1770,1733,1769
1770,1736,1733
1731,1732,1771
1731,1771,1769
1771,1732,1772
1773,1765,1770
1773,1770,1769
1774,1773,1769
1771,1774,1769
1775,1774,1771
1775,1771,1772
1776,1775,1772
1780,1779,1783
1784,1780,1783
1781,1780,1784
1782,1781,1786
1785,1782,1786
1786,1781,1784
1779,1778,1787
1779,1787,1783
1778,1777,1788
1787,1778,1788
1777,1776,1789
1777,1789,1788
1789,1776,1790
1732,1790,1772
1790,1776,1772
1789,1791,1788
1792,1787,1788
1791,1792,1788
1707,1793,1730
1793,1732,1730
1793,1791,1789
1732,1793,1790
1793,1789,1790
1707,1794,1793
1791,1794,1792
1794,1791,1793
1707,1708,1794
1708,1706,1795
1794,1795,1792
1795,1787,1792
1708,1795,1794
1710,1796,1705
1796,1710,1704
1796,1785,1786
1706,1705,1797
1706,1797,1795
1797,1784,1783
1795,1797,1787
1787,1797,1783
1797,1798,1784
1705,1796,1798
1797,1705,1798
1798,1796,1786
1798,1786,1784
1799,1703,1702
1800,1796,1704
1799,1800,1703
1796,1800,1785
1800,1704,1703
1799,1702,1801
1702,1700,1801
1701,1802,1700
1700,1802,1801
1803,1802,1701
1698,1803,1701
1803,1698,1699
1802,1803,1804
1804,1803,1805
1802,1804,1806
1807,1802,1806
1802,1807,1801
1801,1807,1808
1799,1801,1808
1800,1799,1809
1809,1799,1808
1785,1800,1810
1800,1809,1810
1811,1782,1785
1811,1785,1810
1812,1811,1810
1809,1812,1810
1813,1812,1809
1813,1809,1808
1807,1814,1808
1814,1813,1808
1815,1814,1807
1815,1807,1806
1806,1804,1817
1804,1816,1817
1816,1815,1817
1815,1806,1817
1818,1804,1805
1818,1816,1804
1819,1818,1805
1819,1805,1823
1820,1819,1823
1822,1821,1824
1821,1820,1825
1820,1823,1825
1821,1825,1824
1822,1824,1826
1830,1822,1826
1827,1830,1826
1831,1830,1827
1828,1831,1827
1832,1831,1828
1832,1828,1829
1833,1832,1829
1840,1839,1841
1839,1838,1842
1839,1842,1841
1838,1837,1843
1838,1843,1842
1837,1844,1843
1837,1836,1844
1835,1834,1845
1835,1845,1846
1836,1835,1846
1844,1836,1846
1834,1833,1847
1845,1834,1847
1842,1848,1841
1848,1840,1841
1843,1849,1842
1849,1848,1842
1844,1850,1843
1843,1850,1849
1845,1851,1846
1850,1844,1852
1851,1852,1846
1852,1844,1846
1851,1845,1853
1845,1847,1853
1847,1854,1853
1857,1828,1827
1858,1833,1829
1854,1858,1855
1833,1858,1847
1858,1854,1847
1855,1858,1859
1857,1855,1859
1828,1857,1859
1828,1859,1829
1859,1858,1829
1856,1857,1860
1860,1857,1827
1860,1827,1826
1824,1861,1826
1856,1860,1861
1861,1860,1826
1862,1861,1824
1825,1862,1824
1823,1863,1825
1863,1862,1825
1803,1864,1805
1864,1803,1699
1805,1864,1823
1864,1863,1823
1862,1865,1861
1865,1856,1861
1862,1866,1865
1866,1862,1863
1864,1866,1863
1857,1867,1855
1654,1867,1868
1868,1857,1856
1867,1857,1868
1869,1868,1856
1869,1856,1865
1866,1869,1865
1698,1870,1699
1870,1869,1866
1870,1864,1699
1864,1870,1866
1869,1870,1871
1656,1655,1871
1698,1656,1871
1870,1698,1871
1869,1871,1872
1871,1655,1872
1655,1654,1872
1654,1868,1872
1868,1869,1872
1867,1654,1873
1654,1657,1873
1874,1657,1651
1657,1874,1873
1875,1874,1651
1652,1875,1651
1652,1653,1876
1875,1652,1876
1876,1653,1877
1867,1878,1855
1867,1873,1878
1873,1874,1878
1878,1854,1855
1854,1879,1853
1874,1875,1879
1854,1878,1879
1878,1874,1879
1879,1851,1853
1880,1851,1879
1875,1880,1879
1875,1876,1880
1876,1850,1880
1851,1880,1852
1880,1850,1852
1850,1881,1849
1850,1876,1881
1881,1876,1877
1881,1848,1849
1881,1883,1848
1883,1881,1877
1888,1883,1877
1653,1647,1888
1653,1888,1877
1883,1888,1882
1888,1647,1889
1886,1884,1889
1888,1889,1882
1889,1884,1882
1647,1648,1890
1648,1646,1890
1647,1890,1889
1890,1886,1889
1646,1645,1891
1885,1886,1891
1890,1646,1891
1886,1890,1891
1887,1885,1891
1645,1887,1891
1637,1892,1645
1892,1887,1645
1644,1892,1637
1893,1644,1641
1643,1893,1641
1643,1640,1894
1640,1642,1894
1642,1895,1894
1895,1896,1894
1642,1897,1895
1893,1643,1898
1896,1898,1894
1898,1643,1894
1897,1899,1895
1895,1899,1896
1899,1898,1896
1897,1900,1899
1893,1898,1901
1644,1893,1902
1902,1893,1901
1892,1644,1903
1903,1644,1902
1904,1892,1903
1892,1904,1887
1898,1905,1901
1905,1898,1899
1905,1899,1906
1899,1900,1906
1905,1907,1901
1900,1908,1906
1909,1905,1906
1905,1909,1907
1909,1906,1910
1906,1908,1910
1913,1907,1911
1912,1913,1911
1907,1913,1901
1913,1902,1901
1904,1903,1914
1903,1902,1914
1902,1913,1914
1913,1912,1914
1886,1885,1915
1884,1886,1915
1884,1916,1882
1884,1917,1916
1917,1884,1915
1887,1904,1919
1885,1887,1919
1885,1919,1918
1921,1919,1920
1919,1921,1918
1922,1917,1915
1885,1922,1915
1921,1922,1918
1922,1885,1918
1848,1923,1840
1923,1883,1882
1916,1923,1882
1848,1883,1923
1923,1916,1924
1916,1917,1925
1916,1925,1924
1917,1922,1926
1925,1917,1926
1923,1927,1840
1927,1839,1840
1928,1927,1923
1928,1923,1924
1929,1928,1924
1925,1929,1924
1930,1929,1925
1930,1925,1926
1922,1931,1926
1931,1930,1926
1932,1931,1922
1932,1922,1921
1933,1932,1921
1933,1921,1920
1934,1933,1920
1937,1936,1912
1919,1904,1938
1935,1934,1938
1919,1938,1920
1938,1934,1920
1936,1935,1939
1939,1904,1914
1936,1939,1912
1904,1939,1938
1912,1939,1914
1939,1935,1938
1907,1909,1940
1907,1940,1941
1911,1907,1941
1937,1912,1941
1912,1911,1941
1908,1942,1910
1909,1910,1943
1910,1942,1943
1940,1909,1944
1909,1943,1944
1945,1937,1941
1940,1945,1941
1946,1945,1940
1946,1940,1944
1947,1946,1944
1943,1947,1944
1942,1948,1943
1948,1947,1943
